Drive_End,Fan_End,Label
0.4239556886227545,0.2147,0.18mm_OF
-0.3378650698602794,0.09204363636363637,0.18mm_OF
-0.3995904191616767,-0.5637672727272727,0.18mm_OF
0.5348176646706586,0.1306690909090909,0.18mm_OF
0.3837529940119761,0.4076218181818181,0.18mm_OF
-0.4008086826347305,-0.21634363636363635,0.18mm_OF
-0.12629331337325347,-0.25887272727272725,0.18mm_OF
0.3394894211576846,0.06225272727272727,0.18mm_OF
-0.02842614770459082,-0.04437818181818182,0.18mm_OF
-0.18030299401197605,-0.18901818181818186,0.18mm_OF
-0.12304461077844313,0.25312,0.18mm_OF
-0.2022317365269461,0.031229090909090908,0.18mm_OF
-0.015025249500998003,-0.026709090909090908,0.18mm_OF
0.16284121756487027,0.005752727272727272,0.18mm_OF
-0.0950245508982036,0.3363290909090909,0.18mm_OF
-0.3772555888223553,0.2465454545454545,0.18mm_OF
0.019086127744510985,-0.2755145454545454,0.18mm_OF
0.27532754491017963,0.21572727272727274,0.18mm_OF
-0.09380628742514972,0.16949999999999998,0.18mm_OF
-0.24121616766467066,-0.04951454545454545,0.18mm_OF
0.09218193612774453,-0.13395636363636362,0.18mm_OF
0.25461706586826344,0.05691090909090909,0.18mm_OF
-0.03289311377245509,0.08793454545454545,0.18mm_OF
-0.18761257485029945,0.021983636363636358,0.18mm_OF
0.0934001996007984,0.1532690909090909,0.18mm_OF
0.21563263473053887,-0.0786890909090909,0.18mm_OF
-0.12832375249501,0.09081090909090908,0.18mm_OF
-0.10070978043912177,-0.12512181818181814,0.18mm_OF
0.2907588822355289,0.16354181818181818,0.18mm_OF
0.15715598802395211,0.21223454545454545,0.18mm_OF
-0.13035419161676648,-0.34023272727272724,0.18mm_OF
-0.012182634730538922,0.02486,0.18mm_OF
0.1916734530938124,0.09492,0.18mm_OF
0.07228363273453094,0.05547272727272727,0.18mm_OF
-0.14903423153692616,0.005547272727272727,0.18mm_OF
-0.1417246506986028,0.08505818181818181,0.18mm_OF
-0.05197924151696607,0.08033272727272728,0.18mm_OF
0.11248632734530938,0.003287272727272727,0.18mm_OF
0.08852714570858282,0.13395636363636362,0.18mm_OF
-0.2379674650698603,0.018285454545454542,0.18mm_OF
-0.12060808383233533,-0.12183454545454545,0.18mm_OF
0.3354285429141716,-0.08115454545454545,0.18mm_OF
0.2509622754491018,0.2549690909090909,0.18mm_OF
-0.28872844311377244,-0.1495709090909091,0.18mm_OF
-0.2071047904191617,-0.18203272727272726,0.18mm_OF
0.2944136726546906,0.10827454545454546,0.18mm_OF
0.21806916167664672,-0.06369090909090909,0.18mm_OF
-0.3053780439121757,0.2266163636363636,0.18mm_OF
-0.20548043912175648,0.02527090909090909,0.18mm_OF
0.2992867265469062,-0.017463636363636362,0.18mm_OF
0.0316748502994012,0.08546909090909091,0.18mm_OF
-0.14253682634730538,0.026092727272727267,0.18mm_OF
-0.04507574850299401,0.05793818181818181,0.18mm_OF
0.0799993013972056,-0.009040000000000001,0.18mm_OF
0.01705568862275449,0.06101999999999999,0.18mm_OF
0.015025249500998003,-0.059992727272727274,0.18mm_OF
0.02883223552894212,0.2243563636363637,0.18mm_OF
-0.11208023952095808,0.07992181818181819,0.18mm_OF
0.4921784431137725,-0.07622363636363635,0.18mm_OF
-0.16690209580838322,0.28065090909090906,0.18mm_OF
-1.1508528942115768,0.13621636363636366,0.18mm_OF
0.4751227544910179,0.1826490909090909,0.18mm_OF
1.5248597804391215,0.023010909090909092,0.18mm_OF
-1.1573502994011975,0.002465454545454545,0.18mm_OF
-1.3924751497005987,-0.1949763636363636,0.18mm_OF
2.09988013972056,0.16621272727272726,0.18mm_OF
0.8016173652694609,0.4236472727272727,0.18mm_OF
-1.9459728542914168,-0.6184181818181818,0.18mm_OF
-0.06131926147704591,0.36303818181818176,0.18mm_OF
1.4533883233532934,0.18203272727272726,0.18mm_OF
-0.3289311377245509,-0.5473309090909091,0.18mm_OF
-0.7971503992015968,0.4246745454545455,0.18mm_OF
0.7106536926147705,-0.1871690909090909,0.18mm_OF
-0.11492285429141715,0.2654472727272727,0.18mm_OF
-0.5685229540918164,0.10026181818181816,0.18mm_OF
0.9774533932135728,-0.6136927272727272,0.18mm_OF
0.14456726546906187,0.3558472727272727,0.18mm_OF
-1.2495322355289422,0.11793090909090907,0.18mm_OF
0.2481196606786427,-0.4267290909090909,0.18mm_OF
1.2202939121756489,-0.07334727272727272,0.18mm_OF
-0.4251739520958084,0.5664381818181818,0.18mm_OF
-1.0525796407185628,-0.11402727272727273,0.18mm_OF
0.36141816367265467,-0.3655036363636364,0.18mm_OF
0.8466931137724552,0.4626836363636364,0.18mm_OF
-0.3597938123752495,0.1586109090909091,0.18mm_OF
-0.7687242514970061,-0.14381818181818182,0.18mm_OF
0.2562414171656686,0.02034,0.18mm_OF
0.4105547904191617,0.31927636363636364,0.18mm_OF
-0.2724849301397205,-0.14484545454545456,0.18mm_OF
-0.2765458083832335,-0.21141272727272728,0.18mm_OF
0.10477065868263473,0.4111145454545455,0.18mm_OF
0.08040538922155689,0.1939490909090909,0.18mm_OF
-0.16812035928143715,-0.06533454545454545,0.18mm_OF
0.10477065868263473,-0.08136,0.18mm_OF
0.15959251497005986,0.21963090909090907,0.18mm_OF
-0.19289171656686627,0.20134545454545447,0.18mm_OF
0.021116566866267464,-0.2344236363636364,0.18mm_OF
0.2899467065868264,-0.1031381818181818,0.18mm_OF
-0.037766167664670655,0.36632545454545457,0.18mm_OF
-0.14659770459081836,-0.11053454545454544,0.18mm_OF
0.14984640718562875,-0.4068,0.18mm_OF
0.03695399201596807,0.26955636363636365,0.18mm_OF
-0.11776546906187625,0.09101636363636363,0.18mm_OF
-0.1746177644710579,-0.20607090909090908,0.18mm_OF
0.023959181636726543,-0.016025454545454544,0.18mm_OF
0.02883223552894212,0.3406436363636363,0.18mm_OF
-0.16324730538922155,-0.004314545454545455,0.18mm_OF
-0.043451397205588826,-0.3883090909090909,0.18mm_OF
0.08202974051896207,0.2800345454545454,0.18mm_OF
0.05807055888223552,0.16272,0.18mm_OF
-0.1729934131736527,-0.13107999999999995,0.18mm_OF
0.02233483033932136,-0.1464890909090909,0.18mm_OF
0.18436387225548906,-0.013149090909090907,0.18mm_OF
0.04629401197604791,0.21552181818181806,0.18mm_OF
-0.2196935129740519,-0.2029890909090909,0.18mm_OF
-0.007309580838323355,-0.11587636363636362,0.18mm_OF
0.3236519960079841,0.2625709090909091,0.18mm_OF
-0.029238323353293405,-0.010889090909090907,0.18mm_OF
-0.10598892215568864,-0.16292545454545454,0.18mm_OF
0.006091317365269461,0.2266163636363636,0.18mm_OF
0.11857764471057886,0.08136,0.18mm_OF
0.04466966067864271,-0.2087418181818181,0.18mm_OF
-0.14700379241516967,0.15799454545454544,0.18mm_OF
-0.19573433133732526,0.2352454545454545,0.18mm_OF
0.03329920159680639,-0.02938,0.18mm_OF
0.2075108782435129,-0.04972,0.18mm_OF
-0.12060808383233533,0.16641818181818185,0.18mm_OF
-0.24608922155688626,0.18799090909090907,0.18mm_OF
0.08974540918163673,0.05855454545454545,0.18mm_OF
0.2883223552894212,-0.04807636363636364,0.18mm_OF
0.001218263473053892,0.10252181818181816,0.18mm_OF
-0.04507574850299401,0.2303145454545455,0.18mm_OF
0.08852714570858282,-0.11628727272727273,0.18mm_OF
0.1563438123752495,-0.07437454545454546,0.18mm_OF
0.2298457085828343,0.2149054545454545,0.18mm_OF
-0.0925880239520958,0.07519636363636363,0.18mm_OF
-0.20913522954091807,-0.1454618181818182,0.18mm_OF
0.13685159680638725,0.1886072727272728,0.18mm_OF
0.1916734530938124,0.19251090909090907,0.18mm_OF
-0.17664820359281438,-0.2874309090909091,0.18mm_OF
-0.16324730538922155,0.1314909090909091,0.18mm_OF
0.218475249500998,0.19641454545454545,0.18mm_OF
0.10274021956087824,-0.11793090909090907,0.18mm_OF
-0.2042621756487026,0.11217818181818184,0.18mm_OF
0.016243512974051896,0.008423636363636364,0.18mm_OF
0.26761187624750504,-0.09307090909090908,0.18mm_OF
-0.03979660678642714,0.11525999999999999,0.18mm_OF
-0.14537944111776446,-0.010683636363636364,0.18mm_OF
0.04142095808383234,-0.08382545454545455,0.18mm_OF
-0.01421307385229541,0.1962090909090909,0.18mm_OF
-0.06659840319361278,-0.046021818181818185,0.18mm_OF
-0.08852714570858282,-0.059992727272727274,0.18mm_OF
-0.06741057884231537,0.1577890909090909,0.18mm_OF
0.0917758483033932,-0.14217454545454544,0.18mm_OF
0.08609061876247505,-0.03328363636363636,0.18mm_OF
-0.13319680638722556,0.1031381818181818,0.18mm_OF
-0.13116636726546907,0.06369090909090909,0.18mm_OF
0.06903493013972056,0.003698181818181818,0.18mm_OF
0.08852714570858282,-0.06903272727272727,0.18mm_OF
-0.14984640718562875,0.1008781818181818,0.18mm_OF
-0.14903423153692616,0.19230545454545456,0.18mm_OF
0.06741057884231537,0.1329290909090909,0.18mm_OF
0.08568453093812375,0.040885454545454544,0.18mm_OF
-0.04142095808383234,0.17895090909090908,0.18mm_OF
0.022740918163672654,0.1103290909090909,0.18mm_OF
-0.06862884231536925,0.023421818181818186,0.18mm_OF
0.09867934131736526,0.12779272727272725,0.18mm_OF
0.16487165668662673,0.07375818181818182,0.18mm_OF
-0.10233413173652696,-0.05033636363636364,0.18mm_OF
-0.02680179640718563,0.004520000000000001,0.18mm_OF
-0.1677142714570858,0.13847636363636362,0.18mm_OF
0.5620255489021956,-0.03513272727272727,0.18mm_OF
0.11126806387225548,-0.09348181818181817,0.18mm_OF
-1.1451676646706588,-0.02116181818181818,0.18mm_OF
-0.9543063872255492,0.2527090909090909,0.18mm_OF
1.4355204590818365,0.036570909090909084,0.18mm_OF
1.0448639720558879,-0.3100309090909091,0.18mm_OF
-2.2448534930139723,-0.3537927272727273,0.18mm_OF
0.0621314371257485,0.19538727272727272,0.18mm_OF
2.3350049900199603,0.4932963636363636,0.18mm_OF
0.05604011976047904,-0.4220036363636364,0.18mm_OF
-2.2221125748502994,-0.06595090909090909,0.18mm_OF
0.7082171656686627,0.06471818181818181,0.18mm_OF
1.847293512974052,-0.0918381818181818,0.18mm_OF
-1.1748120758483034,-0.36858545454545455,0.18mm_OF
-0.4048695608782436,-0.1524472727272727,0.18mm_OF
0.599385628742515,0.6408127272727273,0.18mm_OF
0.027613972055888225,-0.058965454545454536,0.18mm_OF
-0.3585755489021956,0.06595090909090909,0.18mm_OF
0.7451711576846307,-0.3609836363636363,0.18mm_OF
-0.32527634730538924,0.2907181818181818,0.18mm_OF
-1.2759279441117763,0.1723763636363636,0.18mm_OF
1.0862849301397206,-0.3579018181818181,0.18mm_OF
0.7354250499001996,0.7462109090909091,0.18mm_OF
-1.3433385229540915,-0.2931836363636364,0.18mm_OF
-0.9713620758483034,0.06081454545454545,0.18mm_OF
1.5934886227544909,0.10704181818181817,0.18mm_OF
0.6765423153692615,0.4657654545454545,0.18mm_OF
-1.5999860279441118,0.2903072727272727,0.18mm_OF
-0.24202834331337325,-0.3007854545454545,0.18mm_OF
1.2820192614770458,0.6913545454545453,0.18mm_OF
0.494208882235529,-0.1803890909090909,0.18mm_OF
-0.9778594810379242,-0.21141272727272728,0.18mm_OF
0.13076027944111776,-0.2755145454545454,0.18mm_OF
0.7744094810379242,0.4556981818181818,0.18mm_OF
-0.19289171656686627,0.11341090909090908,0.18mm_OF
-0.30700239520958084,-0.5078836363636363,0.18mm_OF
0.027613972055888225,0.32708363636363635,0.18mm_OF
0.07472015968063872,-0.2991418181818182,0.18mm_OF
-0.301723253493014,0.03944727272727274,0.18mm_OF
0.2972562874251497,-0.06718363636363636,0.18mm_OF
0.016649600798403198,0.4706963636363636,0.18mm_OF
-0.3934991017964072,0.1744309090909091,0.18mm_OF
0.3086267465069861,-0.5617127272727273,0.18mm_OF
0.5632438123752495,0.001438181818181818,0.18mm_OF
-0.13279071856287425,0.12183454545454545,0.18mm_OF
-0.6131926147704592,-0.02753090909090909,0.18mm_OF
0.3281189620758483,-0.4758327272727272,0.18mm_OF
0.2931954091816367,0.6079399999999999,0.18mm_OF
-0.3297433133732535,0.016436363636363638,0.18mm_OF
-0.3240580838323353,-0.2403818181818181,0.18mm_OF
0.33461636726546906,0.2790072727272727,0.18mm_OF
0.27857624750499,0.06841636363636364,0.18mm_OF
-0.4284226546906187,0.3285218181818182,0.18mm_OF
-0.21360219560878246,-0.2568181818181818,0.18mm_OF
0.1888308383233533,0.3474236363636363,0.18mm_OF
0.24284051896207584,-0.02116181818181818,0.18mm_OF
-0.4531940119760479,-0.32400181818181817,0.18mm_OF
-0.2026378243512974,0.061430909090909085,0.18mm_OF
0.22375439121756488,0.33283636363636365,0.18mm_OF
0.0316748502994012,0.28558181818181816,0.18mm_OF
-0.1096437125748503,-0.3264672727272728,0.18mm_OF
-0.1100498003992016,0.3579018181818181,0.18mm_OF
0.1835516966067864,0.07129272727272727,0.18mm_OF
0.08121756487025948,0.049309090909090914,0.18mm_OF
0.22375439121756488,0.06903272727272727,0.18mm_OF
-0.11492285429141715,0.033489090909090906,0.18mm_OF
-0.1721812375249501,0.014998181818181815,0.18mm_OF
0.3013171656686627,-0.2547636363636364,0.18mm_OF
0.1863943113772455,0.18984,0.18mm_OF
-0.2988806387225549,-0.1524472727272727,0.18mm_OF
-0.4430418163672655,-0.04376181818181818,0.18mm_OF
0.13076027944111776,-0.10724727272727272,0.18mm_OF
0.1258872255489022,0.1984690909090909,0.18mm_OF
-0.12994810379241514,0.06903272727272727,0.18mm_OF
-0.2205056886227545,-0.2864036363636364,0.18mm_OF
0.12385678642714572,0.13827090909090908,0.18mm_OF
0.2899467065868264,-0.05814363636363636,0.18mm_OF
-0.12304461077844313,0.11197272727272728,0.18mm_OF
-0.2038560878243513,-0.2792127272727273,0.18mm_OF
-0.008933932135728542,0.09389272727272728,0.18mm_OF
0.15431337325349306,0.00041090909090909085,0.18mm_OF
-0.1080193612774451,-0.28845818181818184,0.18mm_OF
-0.016243512974051896,0.4072109090909091,0.18mm_OF
0.2395918163672655,-0.003698181818181818,0.18mm_OF
0.11370459081836327,0.05403454545454545,0.18mm_OF
-0.041014870259481036,0.08690727272727272,0.18mm_OF
0.04020269461077845,0.12203999999999998,0.18mm_OF
0.1250750499001996,0.07211454545454546,0.18mm_OF
-0.06334970059880239,0.014381818181818181,0.18mm_OF
-0.07959321357285429,0.04540545454545454,0.18mm_OF
-0.20872914171656684,0.003698181818181818,0.18mm_OF
-0.12020199600798405,0.31927636363636364,0.18mm_OF
0.05279141716566866,-0.006574545454545454,0.18mm_OF
-0.02842614770459082,0.17258181818181814,0.18mm_OF
-0.18070908183632733,0.1464890909090909,0.18mm_OF
0.013806986027944113,0.007807272727272727,0.18mm_OF
0.4515696606786427,0.09512545454545453,0.18mm_OF
0.1539072854291417,0.034310909090909086,0.18mm_OF
-0.11086197604790418,-0.03451636363636364,0.18mm_OF
0.058882734530938126,-0.2880472727272727,0.18mm_OF
0.3208093812375249,0.17607454545454546,0.18mm_OF
0.029238323353293405,-0.059992727272727274,0.18mm_OF
-0.19573433133732526,-0.11628727272727273,0.18mm_OF
0.08202974051896207,0.10991818181818183,0.18mm_OF
0.07147145708582832,-0.12553272727272727,0.18mm_OF
0.024365269461077844,0.09450909090909093,0.18mm_OF
0.012182634730538922,0.03102363636363636,0.18mm_OF
0.1250750499001996,-0.027736363636363642,0.18mm_OF
0.08202974051896207,-0.14525636363636366,0.18mm_OF
-0.0064974051896207604,0.028147272727272733,0.18mm_OF
0.08040538922155689,0.03513272727272727,0.18mm_OF
0.05076097804391217,-0.00862909090909091,0.18mm_OF
-0.17096297405189625,0.02753090909090909,0.18mm_OF
0.2862919161676647,-0.047254545454545466,0.18mm_OF
0.4324835329341318,0.24284727272727274,0.18mm_OF
-1.0468944111776446,0.05793818181818181,0.18mm_OF
-1.3181610778443114,0.3552309090909091,0.18mm_OF
1.582118163672655,0.23257454545454545,0.18mm_OF
1.3372472055888225,-0.11772545454545455,0.18mm_OF
-2.3918572854291416,-0.28188363636363634,0.18mm_OF
-0.4990819361277445,0.05937636363636362,0.18mm_OF
2.690331836327345,0.8920836363636363,0.18mm_OF
0.023959181636726543,-0.16189818181818186,0.18mm_OF
-2.727691916167665,-0.22538363636363634,0.18mm_OF
0.2274091816367265,0.42981090909090897,0.18mm_OF
1.879780538922156,0.15388545454545455,0.18mm_OF
-0.7971503992015968,-0.3903636363636364,0.18mm_OF
-0.7610085828343313,-0.18162181818181816,0.18mm_OF
0.6347152694610778,0.71868,0.18mm_OF
-0.043451397205588826,0.11957454545454545,0.18mm_OF
-0.19289171656686627,-0.26606363636363634,0.18mm_OF
1.1082136726546907,-0.5193890909090909,0.18mm_OF
-0.26070838323353296,0.05588363636363637,0.18mm_OF
-1.4671953093812375,-0.05177454545454545,0.18mm_OF
0.9717681636726546,-0.5814363636363636,0.18mm_OF
1.3295315369261476,0.5516454545454545,0.18mm_OF
-1.1520711576846308,-0.036160000000000005,0.18mm_OF
-1.3543028942115771,-0.4526163636363636,0.18mm_OF
1.2284156686626746,-0.05629454545454545,0.18mm_OF
1.2336948103792416,0.7057363636363636,0.18mm_OF
-1.297044510978044,0.16251454545454544,0.18mm_OF
-0.943342015968064,-0.5767109090909089,0.18mm_OF
1.0875031936127746,0.6434836363636364,0.18mm_OF
0.7248667664670659,-0.01992909090909091,0.18mm_OF
-0.9210071856287424,-0.5555490909090909,0.18mm_OF
-0.3805042914171656,-0.05198,0.18mm_OF
0.6797910179640719,0.5419890909090909,0.18mm_OF
-0.09543063872255488,0.1573781818181818,0.18mm_OF
-0.5372541916167665,-0.3145509090909091,0.18mm_OF
0.12629331337325347,0.3087981818181818,0.18mm_OF
0.3333981037924152,0.10806909090909088,0.18mm_OF
-0.3220276447105788,-0.04006363636363637,0.18mm_OF
-0.05360359281437126,-0.2274381818181818,0.18mm_OF
0.3248702594810379,0.5395236363636363,0.18mm_OF
-0.19817085828343314,0.41399090909090897,0.18mm_OF
-0.08730888223552895,-0.6788218181818182,0.18mm_OF
0.29360149700598803,-0.11608181818181815,0.18mm_OF
0.06984710578842315,0.4552872727272727,0.18mm_OF
-0.43613832335329344,0.03944727272727274,0.18mm_OF
-0.001218263473053892,-0.33612363636363635,0.18mm_OF
0.4531940119760479,0.5380854545454545,0.18mm_OF
-0.03289311377245509,0.30448363636363635,0.18mm_OF
-0.31431197604790423,-0.4330981818181818,0.18mm_OF
0.3029415169660679,-0.15080363636363636,0.18mm_OF
0.5668986027944112,0.2623654545454545,0.18mm_OF
-0.2152265469061876,0.03328363636363636,0.18mm_OF
-0.38618952095808384,-0.5894490909090908,0.18mm_OF
0.286698003992016,0.1600490909090909,0.18mm_OF
0.4353261477045908,0.30304545454545456,0.18mm_OF
-0.3865956087824352,-0.2426418181818181,0.18mm_OF
-0.4032452095808383,-0.19025090909090905,0.18mm_OF
0.42923483033932136,0.28373272727272725,0.18mm_OF
0.3561390219560878,0.3710509090909091,0.18mm_OF
-0.3459868263473054,-0.1682672727272727,0.18mm_OF
-0.21075958083832336,-0.012943636363636362,0.18mm_OF
0.33827115768463073,0.015203636363636362,0.18mm_OF
0.10477065868263473,-0.08197636363636364,0.18mm_OF
-0.25989620758483034,-0.030407272727272724,0.18mm_OF
-0.2525866267465069,0.22415090909090907,0.18mm_OF
0.0077156686626746514,0.11690363636363635,0.18mm_OF
0.06659840319361278,-0.17052727272727272,0.18mm_OF
0.05807055888223552,0.2467509090909091,0.18mm_OF
-0.03654790419161677,0.3765981818181818,0.18mm_OF
-0.19979520958083832,0.1524472727272727,0.18mm_OF
0.0637557884231537,-0.12429999999999998,0.18mm_OF
0.29238323353293416,0.11834181818181815,0.18mm_OF
-0.02842614770459082,0.20668727272727272,0.18mm_OF
-0.2915710578842315,-0.08834545454545455,0.18mm_OF
0.09705499001996007,-0.19333272727272727,0.18mm_OF
0.2871040918163673,0.011916363636363636,0.18mm_OF
-0.08974540918163673,0.2465454545454545,0.18mm_OF
-0.3220276447105788,-0.1758690909090909,0.18mm_OF
0.124262874251497,0.18614181818181816,0.18mm_OF
0.3195911177644711,0.31886545454545456,0.18mm_OF
-0.1076132734530938,-0.2358618181818181,0.18mm_OF
-0.02680179640718563,0.009245454545454545,0.18mm_OF
0.30212934131736524,0.18511454545454545,0.18mm_OF
0.1746177644710579,0.008834545454545454,0.18mm_OF
-0.2469013972055888,-0.22189090909090908,0.18mm_OF
-0.16812035928143715,-0.14813272727272728,0.18mm_OF
0.13279071856287425,0.037803636363636366,0.18mm_OF
-0.02152265469061876,0.0749909090909091,0.18mm_OF
-0.2724849301397205,-0.024243636363636363,0.18mm_OF
-0.2574596806387225,-0.05629454545454545,0.18mm_OF
0.12020199600798405,0.09368727272727273,0.18mm_OF
0.1417246506986028,0.08033272727272728,0.18mm_OF
-0.1096437125748503,0.11772545454545455,0.18mm_OF
-0.1819273453093813,-0.0452,0.18mm_OF
0.1234506986027944,-0.27284363636363634,0.18mm_OF
0.4203008982035928,-0.06307454545454545,0.18mm_OF
0.02071047904191617,0.2034,0.18mm_OF
-0.27126666666666666,0.06553999999999999,0.18mm_OF
-0.109237624750499,-0.09553636363636364,0.18mm_OF
0.2623327345309381,-0.008218181818181819,0.18mm_OF
0.05076097804391217,0.18675818181818185,0.18mm_OF
-0.3029415169660679,0.31331818181818183,0.18mm_OF
-0.04060878243512974,0.05033636363636364,0.18mm_OF
0.124262874251497,-0.012532727272727272,0.18mm_OF
0.11817155688622755,0.06800545454545455,0.18mm_OF
-0.07553233532934131,0.049925454545454544,0.18mm_OF
-0.0925880239520958,0.002670909090909091,0.18mm_OF
-0.0621314371257485,-0.09245454545454544,0.18mm_OF
-0.04466966067864271,0.04437818181818182,0.18mm_OF
0.04548183632734532,0.08978363636363636,0.18mm_OF
-0.03817225548902197,0.17977272727272728,0.18mm_OF
-0.11614111776447104,0.09019454545454544,0.18mm_OF
0.3593877245508982,0.003903636363636364,0.18mm_OF
0.5275080838323353,0.1524472727272727,0.18mm_OF
-1.0732901197604792,0.036570909090909084,0.18mm_OF
-0.5709594810379242,0.12183454545454545,0.18mm_OF
2.082012275449102,0.05876,0.18mm_OF
0.19979520958083832,-0.37536545454545456,0.18mm_OF
-2.5051557884231537,-0.5148690909090909,0.18mm_OF
0.9043575848303392,0.09307090909090908,0.18mm_OF
2.665560479041916,0.5376745454545454,0.18mm_OF
-1.7855681636726546,-0.21901454545454546,0.18mm_OF
-2.1652602794411178,-0.2699672727272727,0.18mm_OF
2.032063473053892,0.4581636363636363,0.18mm_OF
1.1585685628742517,-0.014381818181818181,0.18mm_OF
-1.8318621756487024,-0.3092090909090909,0.18mm_OF
-0.11938982035928145,0.16600727272727273,0.18mm_OF
1.3153184630738524,0.36838000000000004,0.18mm_OF
-0.6980649700598802,0.17093818181818182,0.18mm_OF
-0.2525866267465069,-0.4583690909090909,0.18mm_OF
1.2223243512974051,0.07601818181818182,0.18mm_OF
-0.8917688622754492,0.4598072727272727,0.18mm_OF
-1.0408030938123751,-0.5282236363636363,0.18mm_OF
1.6231330339321357,-0.0749909090909091,0.18mm_OF
0.7232424151696607,0.8368163636363636,0.18mm_OF
-1.9147040918163671,0.2177818181818182,0.18mm_OF
-0.3943112774451098,-0.6893,0.18mm_OF
2.0401852295409184,0.2175763636363636,0.18mm_OF
-0.01461916167664671,0.9136563636363636,0.18mm_OF
-1.8809988023952096,-0.3426981818181818,0.18mm_OF
0.10070978043912177,-0.21696,0.18mm_OF
1.3620185628742516,0.4963781818181818,0.18mm_OF
-0.4036512974051896,-0.052390909090909085,0.18mm_OF
-0.9279106786427146,-0.5781490909090908,0.18mm_OF
0.5526855289421158,0.0940981818181818,0.18mm_OF
0.5307567864271456,0.6765618181818182,0.18mm_OF
-0.4056817365269461,-0.23216363636363635,0.18mm_OF
-0.13076027944111776,-0.34701272727272725,0.18mm_OF
0.5218228542914172,0.3221527272727272,0.18mm_OF
0.021928742514970057,0.2732545454545454,0.18mm_OF
-0.22497265469061875,-0.6065018181818181,0.18mm_OF
0.20791696606786428,-0.39324000000000003,0.18mm_OF
0.06172534930139721,0.8349672727272727,0.18mm_OF
-0.16365339321357286,0.021367272727272728,0.18mm_OF
0.08162365269461078,-0.7414854545454544,0.18mm_OF
0.16608992015968066,0.11977999999999996,0.18mm_OF
-0.19532824351297406,0.4871327272727273,0.18mm_OF
-0.2481196606786427,-0.22189090909090908,0.18mm_OF
0.1916734530938124,-0.2023727272727273,0.18mm_OF
0.16487165668662673,0.6584818181818182,0.18mm_OF
-0.4052756487025948,0.13005272727272724,0.18mm_OF
-0.2253787425149701,-0.6529345454545455,0.18mm_OF
0.4487270459081836,0.13929818181818182,0.18mm_OF
0.16243512974051896,0.6395799999999999,0.18mm_OF
-0.5823299401197605,-0.38214545454545457,0.18mm_OF
-0.2436526946107785,-0.4407,0.18mm_OF
0.5368481037924152,0.38440545454545455,0.18mm_OF
0.25989620758483034,0.2492163636363636,0.18mm_OF
-0.4933967065868263,-0.2829109090909091,0.18mm_OF
-0.1859882235528942,-0.2979090909090909,0.18mm_OF
0.5474063872255489,0.4924745454545454,0.18mm_OF
0.2026378243512974,0.27099454545454543,0.18mm_OF
-0.3110632734530938,-0.3129072727272727,0.18mm_OF
-0.1855821357285429,0.17196545454545456,0.18mm_OF
0.12791766467065868,0.1569672727272727,0.18mm_OF
0.2006073852295409,-0.21572727272727274,0.18mm_OF
-0.11938982035928145,0.04766545454545455,0.18mm_OF
-0.2871040918163673,0.4967890909090909,0.18mm_OF
-0.019086127744510985,-0.01910727272727273,0.18mm_OF
0.2907588822355289,-0.33550727272727265,0.18mm_OF
0.10558283433133732,0.4513836363636364,0.18mm_OF
-0.3086267465069861,0.3924181818181818,0.18mm_OF
-0.14781596806387226,-0.2461345454545455,0.18mm_OF
0.2663936127744511,-0.08896181818181817,0.18mm_OF
0.08812105788423154,0.13231272727272728,0.18mm_OF
-0.2196935129740519,0.10786363636363636,0.18mm_OF
-0.09015149700598804,-0.10724727272727272,0.18mm_OF
0.1697447105788423,-0.3552309090909091,0.18mm_OF
0.1563438123752495,0.10190545454545454,0.18mm_OF
-0.1372576846307385,0.08998909090909091,0.18mm_OF
-0.13157245508982035,-0.2742818181818182,0.18mm_OF
0.2192874251497006,0.12450545454545454,0.18mm_OF
0.22781526946107786,0.10909636363636364,0.18mm_OF
-0.15106467065868262,-0.32523454545454544,0.18mm_OF
-0.07837495009980039,0.0030818181818181817,0.18mm_OF
0.25542924151696605,0.3794745454545455,0.18mm_OF
0.12263852295409182,-0.16744545454545454,0.18mm_OF
-0.2257848303393213,-0.09204363636363637,0.18mm_OF
-0.16608992015968066,0.25764000000000004,0.18mm_OF
0.1689325349301397,-0.0583490909090909,0.18mm_OF
0.10192804391217564,0.1586109090909091,0.18mm_OF
-0.2217239520958084,0.19086727272727272,0.18mm_OF
-0.248525748502994,0.02239454545454545,0.18mm_OF
0.1246689620758483,0.21305636363636365,0.18mm_OF
0.17542994011976046,0.14135272727272727,0.18mm_OF
-0.13319680638722556,0.04622727272727272,0.18mm_OF
-0.173399500998004,0.04191272727272728,0.18mm_OF
0.2083230538922156,-0.023627272727272733,0.18mm_OF
0.3240580838323353,0.026092727272727267,0.18mm_OF
-0.04060878243512974,0.11752,0.18mm_OF
-0.12791766467065868,0.07006,0.18mm_OF
0.11532894211576848,-0.11197272727272728,0.18mm_OF
0.25989620758483034,-0.015203636363636362,0.18mm_OF
-0.08365409181636728,0.1645690909090909,0.18mm_OF
-0.1705568862275449,0.04150181818181818,0.18mm_OF
0.07553233532934131,0.06430727272727273,0.18mm_OF
0.047918363273453085,-0.06225272727272727,0.18mm_OF
-0.02030439121756487,-0.06348545454545454,0.18mm_OF
-0.16527774451097807,0.06923818181818181,0.18mm_OF
-0.10070978043912177,-0.0990290909090909,0.18mm_OF
-0.008933932135728542,0.001849090909090909,0.18mm_OF
-0.07472015968063872,-0.034310909090909086,0.18mm_OF
-0.05766447105788424,0.08403090909090909,0.18mm_OF
-0.2802005988023952,0.042529090909090905,0.18mm_OF
0.2984745508982036,-0.12799818181818182,0.18mm_OF
0.357763373253493,0.11916363636363635,0.18mm_OF
-0.6001978043912175,-0.06451272727272726,0.18mm_OF
