Drive_End,Fan_End,Label
0.17664820359281438,0.13621636363636366,0.18mm_OF
0.2765458083832335,-0.08937272727272727,0.18mm_OF
-0.4032452095808383,-0.021367272727272728,0.18mm_OF
0.011776546906187629,0.08012727272727273,0.18mm_OF
0.3269006986027944,0.3692018181818181,0.18mm_OF
-0.1888308383233533,0.2814727272727273,0.18mm_OF
-0.2330944111776447,-0.2942109090909091,0.18mm_OF
0.2343126746506986,-0.16949999999999998,0.18mm_OF
-0.05197924151696607,0.3805018181818181,0.18mm_OF
-0.527101996007984,0.35399818181818177,0.18mm_OF
-0.03736007984031936,-0.24695636363636364,0.18mm_OF
0.17949081836327346,0.4441927272727272,0.18mm_OF
-0.18761257485029945,0.3650927272727272,0.18mm_OF
-0.1421307385229541,-0.2340127272727273,0.18mm_OF
0.4617218562874251,0.034927272727272723,0.18mm_OF
0.2806066866267465,0.22579454545454544,0.18mm_OF
-0.2680179640718563,0.05876,0.18mm_OF
-0.1116741516966068,-0.3792690909090909,0.18mm_OF
0.3800982035928144,0.15984363636363638,0.18mm_OF
0.28263712574850297,0.14607818181818186,0.18mm_OF
-0.3740068862275449,-0.28455454545454545,0.18mm_OF
-0.2209117764471058,-0.13025818181818186,0.18mm_OF
0.3086267465069861,0.15655636363636366,0.18mm_OF
0.38497125748503,0.25538,0.18mm_OF
-0.18152125748502995,-0.2044272727272728,0.18mm_OF
-0.21360219560878246,-0.12450545454545454,0.18mm_OF
0.3476111776447106,0.08423636363636364,0.18mm_OF
0.23106397205588824,0.04458363636363636,0.18mm_OF
-0.11654720558882235,-0.05259636363636363,0.18mm_OF
-0.1579681636726547,0.09594727272727273,0.18mm_OF
0.15431337325349306,0.11156181818181818,0.18mm_OF
0.047918363273453085,-0.1637472727272727,0.18mm_OF
-0.04020269461077845,0.09944,0.18mm_OF
-0.060100998003992025,0.2921563636363637,0.18mm_OF
-0.2440587824351297,0.13231272727272728,0.18mm_OF
-0.07715668662674653,-0.057732727272727276,0.18mm_OF
0.060100998003992025,0.1296418181818182,0.18mm_OF
0.03248702594810378,0.1962090909090909,0.18mm_OF
-0.2456831337325349,0.1296418181818182,0.18mm_OF
-0.05238532934131737,-0.02568181818181818,0.18mm_OF
0.263550998003992,-0.023627272727272733,0.18mm_OF
-0.021928742514970057,0.2420254545454545,0.18mm_OF
-0.3147180638722555,-0.09122181818181817,0.18mm_OF
-0.0467000998003992,-0.011916363636363636,0.18mm_OF
0.34801726546906186,0.052185454545454535,0.18mm_OF
-0.1100498003992016,-0.07067636363636362,0.18mm_OF
-0.24121616766467066,0.018285454545454542,0.18mm_OF
0.23593702594810376,0.15450181818181818,0.18mm_OF
0.2891345309381237,0.2724327272727273,0.18mm_OF
-0.18030299401197605,-0.23154727272727274,0.18mm_OF
-0.21197784431137728,-0.19723636363636365,0.18mm_OF
0.479183632734531,0.10211090909090907,0.18mm_OF
0.17705429141716567,0.051569090909090905,0.18mm_OF
-0.33827115768463073,-0.0940981818181818,0.18mm_OF
-0.0483244510978044,-0.05547272727272727,0.18mm_OF
0.3090328343313373,0.05095272727272727,0.18mm_OF
0.07675059880239521,-0.05177454545454545,0.18mm_OF
-0.3626364271457086,0.11587636363636362,0.18mm_OF
-0.13360289421157684,-0.1088909090909091,0.18mm_OF
0.1413185628742515,-0.07375818181818182,0.18mm_OF
0.09786716566866267,0.0786890909090909,0.18mm_OF
-0.1563438123752495,-0.0113,0.18mm_OF
-0.17746037924151695,0.11053454545454544,0.18mm_OF
-0.024365269461077844,-0.004314545454545455,0.18mm_OF
0.01705568862275449,-0.10991818181818183,0.18mm_OF
0.0483244510978044,0.007601818181818181,0.18mm_OF
-0.11492285429141715,0.3782418181818181,0.18mm_OF
-0.12913592814371255,-0.08875636363636362,0.18mm_OF
0.0925880239520958,-0.2270272727272727,0.18mm_OF
0.08527844311377245,0.2461345454545455,0.18mm_OF
-0.13197854291417166,0.07581272727272728,0.18mm_OF
-0.1916734530938124,0.11320545454545455,0.18mm_OF
-0.05766447105788424,-0.1573781818181818,0.18mm_OF
-0.01461916167664671,-0.0006163636363636364,0.18mm_OF
-0.07187754491017964,0.16518545454545455,0.18mm_OF
0.05279141716566866,-0.18778545454545456,0.18mm_OF
0.10395848303393214,0.01869636363636364,0.18mm_OF
-0.08487235528942115,0.1510090909090909,0.18mm_OF
0.18761257485029945,0.07252545454545453,0.18mm_OF
0.8580635728542915,-0.03143454545454545,0.18mm_OF
-0.3321798403193613,0.14032545454545453,0.18mm_OF
-1.4387691616766467,0.3065381818181818,0.18mm_OF
1.089939720558882,0.17299272727272727,0.18mm_OF
1.7514567864271455,-0.2888690909090909,0.18mm_OF
-1.7940960079840318,-0.25805090909090905,0.18mm_OF
-1.223136526946108,0.18388181818181806,0.18mm_OF
2.667184830339321,0.3149618181818182,0.18mm_OF
0.35167205588822353,0.024243636363636363,0.18mm_OF
-2.6399769461077844,-0.4937072727272727,0.18mm_OF
0.5206045908183633,0.5078836363636363,0.18mm_OF
1.8826231536926148,0.2153163636363636,0.18mm_OF
-0.9811081836327346,-0.6210890909090908,0.18mm_OF
-1.108619760479042,0.17710181818181814,0.18mm_OF
1.2665879241516966,0.1166981818181818,0.18mm_OF
0.030050499001996005,0.41399090909090897,0.18mm_OF
-1.0290265469061877,-0.13868181818181818,0.18mm_OF
0.980296007984032,-0.4287836363636364,0.18mm_OF
0.21035349301397205,0.37516,0.18mm_OF
-1.339277644710579,0.019518181818181816,0.18mm_OF
0.6375578842315369,-0.15306363636363635,0.18mm_OF
1.4330839321357285,0.09245454545454544,0.18mm_OF
-1.106183233532934,0.36591454545454544,0.18mm_OF
-1.0546100798403193,-0.3498890909090909,0.18mm_OF
1.5679050898203593,-0.12368363636363636,0.18mm_OF
0.8227339321357285,0.7379927272727274,0.18mm_OF
-1.6089199600798405,-0.026092727272727267,0.18mm_OF
-0.6659840319361278,-0.13313454545454545,0.18mm_OF
1.3551150698602794,0.35995636363636363,0.18mm_OF
0.2322822355289421,0.20072909090909088,0.18mm_OF
-1.2661818363273454,-0.4152236363636364,0.18mm_OF
0.02355309381237525,0.03533818181818182,0.18mm_OF
0.8755253493013971,0.5101436363636364,0.18mm_OF
-0.10070978043912177,-0.018080000000000002,0.18mm_OF
-0.486087125748503,-0.052390909090909085,0.18mm_OF
0.2643631736526946,0.06389636363636363,0.18mm_OF
0.32527634730538924,0.22826,0.18mm_OF
-0.27857624750499,-0.2136727272727273,0.18mm_OF
0.21279001996007985,-0.4304272727272727,0.18mm_OF
0.29603802395209583,0.4628890909090909,0.18mm_OF
-0.25989620758483034,0.3498890909090909,0.18mm_OF
0.012182634730538922,-0.6432781818181817,0.18mm_OF
0.5181680638722554,-0.14813272727272728,0.18mm_OF
-0.024771357285429143,0.5239090909090909,0.18mm_OF
-0.5937003992015968,-0.21182363636363635,0.18mm_OF
0.042639221556886216,-0.14628363636363634,0.18mm_OF
0.3033476047904192,0.2623654545454545,0.18mm_OF
-0.23837355289421155,0.0628690909090909,0.18mm_OF
-0.3642607784431138,-0.21223454545454545,0.18mm_OF
0.22862744510978045,-0.08320909090909091,0.18mm_OF
0.241622255489022,0.3644763636363637,0.18mm_OF
-0.3220276447105788,-0.027736363636363642,0.18mm_OF
-0.2830432135728543,-0.20833090909090907,0.18mm_OF
0.2871040918163673,0.13806545454545455,0.18mm_OF
0.2570535928143713,0.2751036363636364,0.18mm_OF
-0.2956319361277445,-0.21552181818181806,0.18mm_OF
-0.16365339321357286,-0.3722836363636363,0.18mm_OF
0.3593877245508982,0.4195381818181818,0.18mm_OF
0.1985769461077844,0.2582563636363636,0.18mm_OF
-0.3821286427145709,-0.2409981818181818,0.18mm_OF
-0.09867934131736526,0.04663818181818182,0.18mm_OF
0.2046682634730539,0.25517454545454543,0.18mm_OF
-0.04629401197604791,-0.0022600000000000003,0.18mm_OF
-0.07431407185628743,0.07827818181818183,0.18mm_OF
-0.043857485029940114,0.22189090909090908,0.18mm_OF
-0.043045309381237525,-0.01623090909090909,0.18mm_OF
0.08121756487025948,-0.1370381818181818,0.18mm_OF
0.16690209580838322,0.004725454545454546,0.18mm_OF
-0.14862814371257485,0.3309872727272727,0.18mm_OF
-0.35167205588822353,-0.10478181818181816,0.18mm_OF
0.03329920159680639,-0.17176,0.18mm_OF
0.218475249500998,0.17751272727272727,0.18mm_OF
-0.0966489021956088,-0.018285454545454542,0.18mm_OF
-0.16527774451097807,0.004725454545454546,0.18mm_OF
0.16608992015968066,-0.12984727272727273,0.18mm_OF
0.3134998003992016,0.06553999999999999,0.18mm_OF
0.04994880239520958,0.08875636363636362,0.18mm_OF
-0.17583602794411174,-0.05115818181818182,0.18mm_OF
-0.04060878243512974,0.02486,0.18mm_OF
0.25989620758483034,-0.1337509090909091,0.18mm_OF
-0.02680179640718563,-0.06862181818181817,0.18mm_OF
-0.4223313373253493,-0.1193690909090909,0.18mm_OF
0.09055758483033932,0.31126363636363635,0.18mm_OF
0.2842614770459082,0.15162545454545456,0.18mm_OF
-0.2192874251497006,-0.3338636363636363,0.18mm_OF
-0.3240580838323353,0.20114,0.18mm_OF
0.29238323353293416,0.1721709090909091,0.18mm_OF
0.31431197604790423,-0.001849090909090909,0.18mm_OF
-0.2850736526946108,0.02547636363636364,0.18mm_OF
-0.1076132734530938,-0.03328363636363636,0.18mm_OF
0.2148204590818364,0.08403090909090909,0.18mm_OF
0.14862814371257485,0.14012,0.18mm_OF
-0.1713690618762475,0.03143454545454545,0.18mm_OF
-0.2002012974051896,0.03513272727272727,0.18mm_OF
-0.015837425149700598,0.09738545454545454,0.18mm_OF
0.12142025948103792,0.06471818181818181,0.18mm_OF
0.07228363273453094,0.20833090909090907,0.18mm_OF
-0.2066987025948104,-0.0470490909090909,0.18mm_OF
0.02680179640718563,-0.15676181818181814,0.18mm_OF
0.2217239520958084,0.07663454545454547,0.18mm_OF
0.17908473053892215,0.09615272727272728,0.18mm_OF
-0.03654790419161677,0.14279090909090908,0.18mm_OF
-0.07675059880239521,0.057527272727272726,0.18mm_OF
0.16649600798403194,0.005341818181818182,0.18mm_OF
0.07025319361277445,0.003903636363636364,0.18mm_OF
-0.0637557884231537,0.18121090909090906,0.18mm_OF
-0.11126806387225548,0.1637472727272727,0.18mm_OF
0.013806986027944113,-0.10950727272727273,0.18mm_OF
0.109237624750499,-0.0538290909090909,0.18mm_OF
-0.002030439121756487,0.11752,0.18mm_OF
0.0154313373253493,-0.03143454545454545,0.18mm_OF
0.1084254491017964,-0.14094181818181814,0.18mm_OF
-0.2042621756487026,0.07540181818181818,0.18mm_OF
0.21075958083832336,0.008423636363636364,0.18mm_OF
0.4458844311377246,-0.024243636363636363,0.18mm_OF
-0.7390798403193614,-0.017052727272727268,0.18mm_OF
-0.523041117764471,0.16703454545454546,0.18mm_OF
1.3076027944111777,0.06759454545454545,0.18mm_OF
0.3110632734530938,-0.15655636363636366,0.18mm_OF
-1.7839438123752496,-0.033694545454545456,0.18mm_OF
0.5173558882235529,0.20504363636363634,0.18mm_OF
1.6267878243512974,0.4967890909090909,0.18mm_OF
-0.91085499001996,-0.6141036363636363,0.18mm_OF
-1.0643561876247505,-0.053007272727272715,0.18mm_OF
0.9417176646706586,0.7603872727272727,0.18mm_OF
0.5766447105788424,-0.495350909090909,0.18mm_OF
-0.9502455089820359,0.030612727272727274,0.18mm_OF
0.13319680638722556,0.1803890909090909,0.18mm_OF
0.3281189620758483,0.08670181818181817,0.18mm_OF
-0.6728875249500998,0.29955272727272725,0.18mm_OF
0.3212154690618762,-0.14607818181818186,0.18mm_OF
0.6501466067864272,-0.04889818181818182,0.18mm_OF
-0.7695364271457086,0.2120290909090909,0.18mm_OF
-0.5031428143712575,0.09574181818181818,0.18mm_OF
1.1208023952095807,-0.2375054545454545,0.18mm_OF
0.3297433133732535,0.4012527272727273,0.18mm_OF
-0.9335959081836328,-0.05937636363636362,0.18mm_OF
-0.22781526946107786,-0.3878981818181818,0.18mm_OF
0.7979625748502993,0.4493290909090909,0.18mm_OF
0.27370319361277445,0.08629090909090907,0.18mm_OF
-0.8414139720558882,-0.3357127272727272,0.18mm_OF
-0.1872064870259481,-0.030407272727272724,0.18mm_OF
0.5193863273453093,0.3517381818181818,0.18mm_OF
0.07472015968063872,-0.20216727272727272,0.18mm_OF
-0.5437515968063873,-0.15491272727272726,0.18mm_OF
-0.13847594810379246,0.15347454545454545,0.18mm_OF
0.3967478043912176,0.021572727272727268,0.18mm_OF
-0.1835516966067864,0.06553999999999999,0.18mm_OF
-0.2469013972055888,-0.14505090909090906,0.18mm_OF
0.21888133732534928,0.09368727272727273,0.18mm_OF
0.18436387225548906,0.041707272727272725,0.18mm_OF
-0.2842614770459082,-0.17340363636363634,0.18mm_OF
0.14253682634730538,-0.07848363636363635,0.18mm_OF
0.3650729540918163,0.35132727272727265,0.18mm_OF
-0.2217239520958084,0.07129272727272727,0.18mm_OF
-0.03411137724550898,-0.4150181818181818,0.18mm_OF
0.3061902195608782,0.21100181818181807,0.18mm_OF
0.0308626746506986,0.2467509090909091,0.18mm_OF
-0.3991843313373254,-0.12902545454545453,0.18mm_OF
0.12101417165668665,-0.20463272727272727,0.18mm_OF
0.2026378243512974,0.2668854545454545,0.18mm_OF
-0.3695399201596807,0.10375454545454543,0.18mm_OF
-0.2387796407185629,-0.3168109090909091,0.18mm_OF
0.2042621756487026,0.2206581818181818,0.18mm_OF
0.11086197604790418,0.16580181818181816,0.18mm_OF
-0.4223313373253493,-0.018080000000000002,0.18mm_OF
-0.06619231536926147,-0.04376181818181818,0.18mm_OF
0.33461636726546906,0.11772545454545455,0.18mm_OF
0.1234506986027944,0.17566363636363633,0.18mm_OF
-0.17989690618762474,-0.0895781818181818,0.18mm_OF
-0.010152195608782435,-0.01725818181818182,0.18mm_OF
0.3646668662674651,0.2107963636363636,0.18mm_OF
0.10274021956087824,0.15676181818181814,0.18mm_OF
-0.16040469061876247,-0.17196545454545456,0.18mm_OF
-0.021928742514970057,0.0470490909090909,0.18mm_OF
0.2322822355289421,0.10930181818181818,0.18mm_OF
0.04913662674650698,0.02855818181818182,0.18mm_OF
-0.21238393213572854,0.033489090909090906,0.18mm_OF
-0.017867864271457083,0.13477818181818182,0.18mm_OF
0.0787810379241517,0.10704181818181817,0.18mm_OF
-0.08730888223552895,-0.2147,0.18mm_OF
-0.05766447105788424,0.2255890909090909,0.18mm_OF
-0.035735728542914166,0.07437454545454546,0.18mm_OF
-0.07756277445109781,-0.1284090909090909,0.18mm_OF
-0.00040608782435129736,0.07951090909090908,0.18mm_OF
0.10111586826347303,-0.039241818181818176,0.18mm_OF
0.01258872255489022,0.1053981818181818,0.18mm_OF
-0.10355239520958084,-0.036160000000000005,0.18mm_OF
0.15918642714570858,0.01356,0.18mm_OF
0.20872914171656684,0.08752363636363636,0.18mm_OF
0.008933932135728542,0.00862909090909091,0.18mm_OF
-0.04507574850299401,-0.036160000000000005,0.18mm_OF
0.1530951097804391,-0.013354545454545456,0.18mm_OF
0.14375508982035928,0.0764290909090909,0.18mm_OF
-0.1258872255489022,-0.23812181818181816,0.18mm_OF
-0.17177514970059882,-0.01849090909090909,0.18mm_OF
0.00040608782435129736,0.24161454545454544,0.18mm_OF
0.13603942115768464,-0.01910727272727273,0.18mm_OF
-0.1746177644710579,-0.012943636363636362,0.18mm_OF
-0.20791696606786428,0.08731818181818181,0.18mm_OF
0.2196935129740519,0.16477454545454545,0.18mm_OF
0.2050743512974052,0.2278490909090909,0.18mm_OF
-0.12913592814371255,0.0447890909090909,0.18mm_OF
-0.05847664670658681,0.030612727272727274,0.18mm_OF
0.2915710578842315,0.2703781818181818,0.18mm_OF
0.06700449101796407,0.06512909090909091,0.18mm_OF
-0.2253787425149701,0.10190545454545454,0.18mm_OF
-0.005685229540918164,0.11505454545454545,0.18mm_OF
0.06334970059880239,-0.09307090909090908,0.18mm_OF
-0.0077156686626746514,0.09327636363636364,0.18mm_OF
-0.07350189620758484,0.014998181818181815,0.18mm_OF
-0.0629436127744511,0.05506181818181818,0.18mm_OF
-0.10639500998003992,0.05095272727272727,0.18mm_OF
-0.05969491017964072,-0.08300363636363636,0.18mm_OF
0.1076132734530938,0.019518181818181816,0.18mm_OF
-0.04142095808383234,0.07149818181818181,0.18mm_OF
-0.09624281437125748,-0.014792727272727272,0.18mm_OF
0.0036547904191616774,-0.21018,0.18mm_OF
0.158374251497006,-0.0447890909090909,0.18mm_OF
-0.06700449101796407,0.09286545454545453,0.18mm_OF
-0.0917758483033932,-0.13642181818181814,0.18mm_OF
0.07025319361277445,-0.08238727272727273,0.18mm_OF
-0.03695399201596807,-0.011710909090909093,0.18mm_OF
0.14537944111776446,-0.1247109090909091,0.18mm_OF
0.07431407185628743,-0.029996363636363637,0.18mm_OF
0.1892369261477045,0.07232000000000001,0.18mm_OF
-0.21360219560878246,-0.07540181818181818,0.18mm_OF
0.3837529940119761,-0.10478181818181816,0.18mm_OF
0.5461881237524949,0.09101636363636363,0.18mm_OF
-0.8994845309381237,-0.09841272727272728,0.18mm_OF
-1.2223243512974051,0.27346,0.18mm_OF
0.5059854291417166,0.18285454545454544,0.18mm_OF
1.6608992015968065,-0.24284727272727274,0.18mm_OF
-1.6539957085828343,0.004930909090909091,0.18mm_OF
-1.1333911177644709,0.07827818181818183,0.18mm_OF
1.907800598802396,0.7340890909090909,0.18mm_OF
0.9141036926147704,-0.013970909090909093,0.18mm_OF
-1.7376498003992016,-0.11525999999999999,0.18mm_OF
-0.786592115768463,0.3059218181818182,0.18mm_OF
2.0243478043912173,0.043967272727272716,0.18mm_OF
-0.2927893213572854,0.037803636363636366,0.18mm_OF
-0.8125817365269461,-0.6282800000000001,0.18mm_OF
0.3679155688622753,0.6779999999999999,0.18mm_OF
0.1746177644710579,0.3124963636363636,0.18mm_OF
-0.16608992015968066,-0.12655999999999998,0.18mm_OF
0.3934991017964072,-0.1415581818181818,0.18mm_OF
0.2724849301397205,-0.3772145454545455,0.18mm_OF
-1.3851655688622757,0.6065018181818181,0.18mm_OF
0.4458844311377246,-0.5298672727272727,0.18mm_OF
1.1914616766467063,0.2956490909090909,0.18mm_OF
-0.6680144710578841,-0.16991090909090908,0.18mm_OF
-1.1216145708582834,-0.4150181818181818,0.18mm_OF
0.7699425149700599,0.2329854545454545,0.18mm_OF
1.265775748502994,-0.1370381818181818,0.18mm_OF
-1.0209047904191615,0.6371145454545455,0.18mm_OF
-0.6436492015968064,-0.60568,0.18mm_OF
0.7817190618762475,0.34023272727272724,0.18mm_OF
0.7419224550898204,0.3365345454545454,0.18mm_OF
-0.34355029940119763,-0.3948836363636363,0.18mm_OF
-0.3260885229540918,-0.023421818181818186,0.18mm_OF
0.6339030938123752,0.06964909090909091,0.18mm_OF
0.05076097804391217,0.5185672727272728,0.18mm_OF
-0.2509622754491018,-0.5257581818181818,0.18mm_OF
-0.21157175648702595,0.17977272727272728,0.18mm_OF
0.01989830339321357,0.02547636363636364,0.18mm_OF
-0.2233483033932136,-0.09717999999999999,0.18mm_OF
-0.18070908183632733,0.12779272727272725,0.18mm_OF
0.1932978043912176,0.3316036363636363,0.18mm_OF
-0.22456656686626747,0.6932036363636364,0.18mm_OF
0.03939051896207585,-0.4485072727272727,0.18mm_OF
0.2996928143712575,0.12820363636363635,0.18mm_OF
0.21157175648702595,0.2481890909090909,0.18mm_OF
-0.3593877245508982,0.2825,0.18mm_OF
-0.12182634730538924,-0.18059454545454545,0.18mm_OF
0.4227374251497006,-0.03636545454545455,0.18mm_OF
-0.02802005988023952,0.4209763636363636,0.18mm_OF
-0.2623327345309381,-0.2693509090909091,0.18mm_OF
0.17096297405189625,0.15717272727272727,0.18mm_OF
0.4357322355289421,-0.1171090909090909,0.18mm_OF
-0.2253787425149701,0.2432581818181818,0.18mm_OF
-0.2708605788423153,-0.17751272727272727,0.18mm_OF
0.13847594810379246,-0.16169272727272727,0.18mm_OF
0.24771357285429144,0.2685290909090909,0.18mm_OF
-0.2542109780439122,-0.43700181818181816,0.18mm_OF
-0.3403015968063872,-0.15039272727272726,0.18mm_OF
0.14944031936127744,-0.009245454545454545,0.18mm_OF
0.08365409181636728,0.2403818181818181,0.18mm_OF
-0.09096367265469064,-0.2781854545454545,0.18mm_OF
-0.2002012974051896,-0.06512909090909091,0.18mm_OF
0.07634451097804391,0.2426418181818181,0.18mm_OF
0.11208023952095808,-0.03246181818181818,0.18mm_OF
0.11411067864271456,0.14258545454545454,0.18mm_OF
-0.03898443113772455,0.02095636363636364,0.18mm_OF
-0.09867934131736526,0.15963818181818182,0.18mm_OF
0.1738055888223553,-0.15121454545454546,0.18mm_OF
0.2022317365269461,-0.002876363636363636,0.18mm_OF
-0.10274021956087824,0.06553999999999999,0.18mm_OF
-0.4422296407185629,0.11690363636363635,0.18mm_OF
-0.03939051896207585,-0.07683999999999999,0.18mm_OF
0.1575620758483034,0.049309090909090914,0.18mm_OF
-0.08730888223552895,0.39077454545454543,0.18mm_OF
-0.23593702594810376,-0.1193690909090909,0.18mm_OF
0.02314700598802396,0.28558181818181816,0.18mm_OF
0.2493379241516966,0.02403818181818182,0.18mm_OF
0.10030369261477047,0.059170909090909087,0.18mm_OF
-0.1104558882235529,0.11197272727272728,0.18mm_OF
-0.18476996007984034,-0.1555290909090909,0.18mm_OF
0.12629331337325347,0.07807272727272728,0.18mm_OF
0.14944031936127744,-0.15717272727272727,0.18mm_OF
-0.1080193612774451,0.04232363636363636,0.18mm_OF
-0.094212375249501,-0.030818181818181814,0.18mm_OF
0.22822135728542914,0.13457272727272726,0.18mm_OF
0.2330944111776447,-0.05567818181818181,0.18mm_OF
-0.2168508982035928,-0.14874909090909091,0.18mm_OF
-0.05847664670658681,0.1224509090909091,0.18mm_OF
0.2525866267465069,-0.03307818181818182,0.18mm_OF
0.0625375249500998,0.04787090909090909,0.18mm_OF
-0.17258732534930138,-0.14916,0.18mm_OF
-0.05035489021956088,-0.010683636363636364,0.18mm_OF
0.19289171656686627,-0.02753090909090909,0.18mm_OF
-0.03532964071856288,0.14587272727272727,0.18mm_OF
-0.1441611776447106,-0.01766909090909091,0.18mm_OF
0.0312687624750499,-0.1653909090909091,0.18mm_OF
0.22213003992015967,0.1826490909090909,0.18mm_OF
0.13400898203592815,-0.04910363636363636,0.18mm_OF
-0.008121756487025948,0.13847636363636362,0.18mm_OF
-0.01989830339321357,0.05567818181818181,0.18mm_OF
0.05076097804391217,0.1031381818181818,0.18mm_OF
0.14456726546906187,0.03246181818181818,0.18mm_OF
-0.10274021956087824,0.14443454545454545,0.18mm_OF
-0.10152195608782434,0.2262054545454545,0.18mm_OF
-0.005279141716566866,-0.11854727272727272,0.18mm_OF
-0.0077156686626746514,0.34372545454545456,0.18mm_OF
-0.15878033932135727,0.11238363636363637,0.18mm_OF
-0.1697447105788423,0.22805454545454545,0.18mm_OF
0.013806986027944113,0.1859363636363636,0.18mm_OF
-0.04466966067864271,-0.11238363636363637,0.18mm_OF
-0.07025319361277445,0.1524472727272727,0.18mm_OF
0.018273952095808385,-0.005958181818181818,0.18mm_OF
0.05482185628742515,0.013354545454545456,0.18mm_OF
0.09055758483033932,-0.1257381818181818,0.18mm_OF
-0.06862884231536925,0.11752,0.18mm_OF
0.2680179640718563,-0.13929818181818182,0.18mm_OF
0.6562379241516966,-0.11608181818181815,0.18mm_OF
-0.3930930139720559,0.20483818181818167,0.18mm_OF
-1.1804973053892214,-0.09163272727272727,0.18mm_OF
0.6793849301397205,0.028352727272727283,0.18mm_OF
1.8619126746506984,-0.19929090909090907,0.18mm_OF
-1.4294291417165668,-0.1721709090909091,0.18mm_OF
-1.5333876247504992,-0.09471454545454544,0.18mm_OF
1.997546007984032,0.4433709090909089,0.18mm_OF
0.9575550898203592,0.03698181818181818,0.18mm_OF
-2.0369365269461075,-0.3784472727272727,0.18mm_OF
-0.6643596806387225,0.4322763636363636,0.18mm_OF
1.872877045908184,-0.11628727272727273,0.18mm_OF
-0.2318761477045908,-0.17854,0.18mm_OF
-1.0647622754491022,-0.15943272727272728,0.18mm_OF
0.5811116766467066,0.20792,0.18mm_OF
0.12385678642714572,0.6038309090909091,0.18mm_OF
-0.4625340319361277,-0.03554363636363636,0.18mm_OF
0.5076097804391217,-0.3040727272727273,0.18mm_OF
0.2724849301397205,0.15676181818181814,0.18mm_OF
-1.2767401197604789,0.6406072727272727,0.18mm_OF
0.0929941117764471,-0.4464527272727272,0.18mm_OF
1.1959286427145708,0.09327636363636364,0.18mm_OF
-0.5364420159680638,0.4026909090909091,0.18mm_OF
-1.14557375249501,-0.4446036363636364,0.18mm_OF
0.5819238522954092,-0.014176363636363638,0.18mm_OF
1.1516650698602793,0.14032545454545453,0.18mm_OF
-0.7191815369261477,0.4104981818181818,0.18mm_OF
-0.9344080838323352,-0.26873454545454545,0.18mm_OF
0.6030404191616766,0.05567818181818181,0.18mm_OF
0.7528868263473053,0.3266727272727272,0.18mm_OF
-0.4365444111776447,-0.4127581818181818,0.18mm_OF
-0.4649705588822355,-0.20792,0.18mm_OF
0.6399944111776448,0.07293636363636362,0.18mm_OF
0.4133974051896208,0.4353581818181818,0.18mm_OF
-0.34720508982035925,-0.2907181818181818,0.18mm_OF
-0.011370459081836329,-0.2617490909090909,0.18mm_OF
0.4203008982035928,0.15018727272727272,0.18mm_OF
-0.07837495009980039,-0.1325181818181818,0.18mm_OF
-0.271672754491018,-0.19374363636363634,0.18mm_OF
0.17786646706586826,0.10067272727272727,0.18mm_OF
0.011370459081836329,0.4787090909090909,0.18mm_OF
-0.25786576846307385,-0.2999636363636364,0.18mm_OF
0.14294291417165667,-0.29133454545454546,0.18mm_OF
0.2387796407185629,0.33982181818181817,0.18mm_OF
-0.3281189620758483,0.2788018181818181,0.18mm_OF
-0.27857624750499,-0.2541472727272727,0.18mm_OF
0.2944136726546906,-0.003698181818181818,0.18mm_OF
0.09096367265469064,0.5095272727272727,0.18mm_OF
-0.398778243512974,-0.07992181818181819,0.18mm_OF
0.05807055888223552,-0.1193690909090909,0.18mm_OF
0.36141816367265467,0.2377109090909091,0.18mm_OF
-0.2233483033932136,0.4008418181818181,0.18mm_OF
-0.3248702594810379,-0.11402727272727273,0.18mm_OF
0.14578552894211574,-0.10067272727272727,0.18mm_OF
0.2708605788423153,0.3250290909090909,0.18mm_OF
-0.2062926147704591,-0.11690363636363635,0.18mm_OF
-0.1932978043912176,-0.2116181818181818,0.18mm_OF
0.26070838323353296,0.12861454545454545,0.18mm_OF
0.248525748502994,0.4156345454545455,0.18mm_OF
-0.06700449101796407,-0.19764727272727275,0.18mm_OF
-0.15512554890219565,-0.11115090909090908,0.18mm_OF
0.2233483033932136,0.39776,0.18mm_OF
0.16324730538922155,-0.01931272727272728,0.18mm_OF
-0.10680109780439123,-0.0918381818181818,0.18mm_OF
-0.06456796407185628,0.005547272727272727,0.18mm_OF
0.13319680638722556,0.09533090909090908,0.18mm_OF
0.08284191616766468,-0.11546545454545455,0.18mm_OF
-0.0316748502994012,-0.1397090909090909,0.18mm_OF
0.06741057884231537,0.09944,0.18mm_OF
-0.09949151696606788,0.14628363636363634,0.18mm_OF
-0.1831456087824352,-0.11320545454545455,0.18mm_OF
-0.004873053892215568,-0.11834181818181815,0.18mm_OF
0.12304461077844313,0.2034,0.18mm_OF
-0.2148204590818364,0.030407272727272724,0.18mm_OF
-0.24608922155688626,-0.021572727272727268,0.18mm_OF
0.18030299401197605,-0.01910727272727273,0.18mm_OF
0.1916734530938124,0.24962727272727275,0.18mm_OF
-0.12669940119760478,0.11957454545454545,0.18mm_OF
-0.1888308383233533,-0.2449018181818182,0.18mm_OF
0.2903527944111777,0.15183090909090907,0.18mm_OF
0.2066987025948104,0.11916363636363635,0.18mm_OF
-0.2493379241516966,-0.17771818181818186,0.18mm_OF
-0.02680179640718563,0.008423636363636364,0.18mm_OF
0.3403015968063872,0.25538,0.18mm_OF
0.019492215568862273,0.004520000000000001,0.18mm_OF
-0.40608782435129737,-0.07396363636363636,0.18mm_OF
0.1892369261477045,0.06348545454545454,0.18mm_OF
0.3305554890219561,0.1569672727272727,0.18mm_OF
-0.2802005988023952,0.08731818181818181,0.18mm_OF
-0.2550231536926148,-0.09882363636363636,0.18mm_OF
0.17908473053892215,0.16888363636363635,0.18mm_OF
0.24608922155688626,0.10724727272727272,0.18mm_OF
-0.2988806387225549,-0.003698181818181818,0.18mm_OF
-0.18070908183632733,0.05588363636363637,0.18mm_OF
0.1413185628742515,0.16436363636363635,0.18mm_OF
0.11614111776447104,-0.06944363636363636,0.18mm_OF
-0.004873053892215568,-0.16908909090909088,0.18mm_OF
-0.023959181636726543,0.11977999999999996,0.18mm_OF
0.09867934131736526,-0.16518545454545455,0.18mm_OF
-0.06700449101796407,-0.0041090909090909095,0.18mm_OF
0.13441506986027946,-0.13477818181818182,0.18mm_OF
0.09543063872255488,0.02095636363636364,0.18mm_OF
-0.14375508982035928,0.21675454545454545,0.18mm_OF
-0.11451676646706585,-0.35256,0.18mm_OF
0.10070978043912177,0.053418181818181816,0.18mm_OF
0.02639570858283433,0.22148,0.18mm_OF
-0.248525748502994,0.006985454545454546,0.18mm_OF
-0.07756277445109781,-0.11320545454545455,0.18mm_OF
0.05482185628742515,0.11279454545454545,0.18mm_OF
0.002030439121756487,0.1781290909090909,0.18mm_OF
-0.109237624750499,-0.1859363636363636,0.18mm_OF
0.07065928143712576,0.13457272727272726,0.18mm_OF
0.04060878243512974,0.1337509090909091,0.18mm_OF
-0.060913173652694615,0.1012890909090909,0.18mm_OF
0.5100463073852296,-0.052185454545454535,0.18mm_OF
0.3118754491017964,-0.15840545454545454,0.18mm_OF
-1.3295315369261476,0.30715454545454546,0.18mm_OF
-0.3358346307385229,0.2931836363636364,0.18mm_OF
1.9873938123752493,-0.11320545454545455,0.18mm_OF
-0.3208093812375249,-0.2424363636363636,0.18mm_OF
-2.264751796407185,0.16066545454545456,0.18mm_OF
1.1845581836327346,0.2594890909090909,0.18mm_OF
2.2736857285429144,0.27099454545454543,0.18mm_OF
-1.7595785429141717,-0.1781290909090909,0.18mm_OF
-1.4472970059880241,-0.18203272727272726,0.18mm_OF
1.9614041916167664,0.4867218181818181,0.18mm_OF
0.6473039920159681,-0.34352,0.18mm_OF
-1.406688223552894,-0.2668854545454545,0.18mm_OF
0.1872064870259481,0.3726945454545455,0.18mm_OF
0.8036478043912175,0.2767472727272727,0.18mm_OF
-0.8003991017964072,0.20771454545454546,0.18mm_OF
0.3666973053892216,-0.3211254545454545,0.18mm_OF
0.9778594810379242,0.05424,0.18mm_OF
-1.2722731536926148,0.2290818181818181,0.18mm_OF
-0.5295385229540919,-0.20216727272727272,0.18mm_OF
1.5569407185628743,-0.06225272727272727,0.18mm_OF
0.07756277445109781,0.26072181818181817,0.18mm_OF
-1.8083090818363272,-0.033489090909090906,0.18mm_OF
-0.02071047904191617,-0.5121981818181818,0.18mm_OF
1.5309510978043912,0.3359181818181818,0.18mm_OF
-0.3325859281437126,0.3778309090909091,0.18mm_OF
-1.3429324351297405,-0.2572290909090909,0.18mm_OF
0.28872844311377244,0.15902181818181815,0.18mm_OF
1.0387726546906186,0.2999636363636364,0.18mm_OF
-0.2915710578842315,-0.12758727272727272,0.18mm_OF
-0.4864932135728543,-0.3837890909090909,0.18mm_OF
0.5368481037924152,0.16641818181818185,0.18mm_OF
0.34355029940119763,0.2656527272727273,0.18mm_OF
-0.26761187624750504,-0.2617490909090909,0.18mm_OF
-0.07309580838323354,-0.2025781818181818,0.18mm_OF
0.4012147704590819,0.13765454545454545,0.18mm_OF
-0.13644550898203592,0.09368727272727273,0.18mm_OF
-0.35207814371257484,-0.3217418181818182,0.18mm_OF
0.2663936127744511,0.1808,0.18mm_OF
0.0308626746506986,0.6816981818181818,0.18mm_OF
-0.3005049900199601,-0.0749909090909091,0.18mm_OF
0.10639500998003992,-0.32194727272727275,0.18mm_OF
0.2834493013972056,0.2613381818181818,0.18mm_OF
-0.2680179640718563,0.1865527272727273,0.18mm_OF
-0.2160387225548902,-0.15573454545454546,0.18mm_OF
0.3626364271457086,0.0904,0.18mm_OF
0.021928742514970057,0.4189218181818181,0.18mm_OF
-0.46009750499002,0.09800181818181818,0.18mm_OF
0.03654790419161677,-0.2601054545454545,0.18mm_OF
0.5181680638722554,0.2186036363636364,0.18mm_OF
0.018273952095808385,0.2917454545454545,0.18mm_OF
-0.4154278443113773,-0.2284654545454545,0.18mm_OF
0.07634451097804391,-0.25394181818181816,0.18mm_OF
0.4438539920159681,0.19127818181818185,0.18mm_OF
0.05807055888223552,0.052390909090909085,0.18mm_OF
-0.4304530938123752,-0.4893927272727273,0.18mm_OF
-0.19289171656686627,-0.07252545454545453,0.18mm_OF
0.3585755489021956,0.2874309090909091,0.18mm_OF
0.10274021956087824,-0.06574545454545455,0.18mm_OF
-0.3260885229540918,-0.1826490909090909,0.18mm_OF
-0.1271054890219561,0.14279090909090908,0.18mm_OF
0.24202834331337325,0.05444545454545455,0.18mm_OF
0.15350119760479042,-0.03944727272727274,0.18mm_OF
-0.11938982035928145,0.10519272727272726,0.18mm_OF
-0.029238323353293405,0.08279818181818181,0.18mm_OF
0.08324800399201597,0.06101999999999999,0.18mm_OF
0.06903493013972056,-0.2631872727272727,0.18mm_OF
0.038578343313373266,0.17628,0.18mm_OF
-0.12629331337325347,0.2788018181818181,0.18mm_OF
-0.19289171656686627,-0.11053454545454544,0.18mm_OF
0.05238532934131737,0.09348181818181817,0.18mm_OF
0.10233413173652696,0.0918381818181818,0.18mm_OF
-0.1721812375249501,0.24346363636363635,0.18mm_OF
-0.064161876247505,0.05670545454545455,0.18mm_OF
0.17949081836327346,0.08546909090909091,0.18mm_OF
0.17949081836327346,0.06574545454545455,0.18mm_OF
-0.02152265469061876,0.05054181818181818,0.18mm_OF
-0.14700379241516967,0.17073272727272726,0.18mm_OF
0.17583602794411174,-0.18223818181818185,0.18mm_OF
0.22416047904191616,0.0940981818181818,0.18mm_OF
-0.18273952095808385,-0.040474545454545464,0.18mm_OF
-0.17746037924151695,0.03821454545454545,0.18mm_OF
0.2298457085828343,0.2609272727272727,0.18mm_OF
0.2196935129740519,-0.08998909090909091,0.18mm_OF
-0.2509622754491018,-0.09800181818181818,0.18mm_OF
-0.17177514970059882,-0.03862545454545455,0.18mm_OF
0.2667997005988024,0.10704181818181817,0.18mm_OF
-0.010558283433133732,-0.08341454545454545,0.18mm_OF
-0.4227374251497006,0.015614545454545454,0.18mm_OF
-0.14659770459081836,0.05629454545454545,0.18mm_OF
0.1555316367265469,-0.04232363636363636,0.18mm_OF
-0.15918642714570858,0.1495709090909091,0.18mm_OF
-0.2395918163672655,-0.0041090909090909095,0.18mm_OF
0.0028426147704590818,-0.04828181818181818,0.18mm_OF
0.18476996007984034,0.034927272727272723,0.18mm_OF
0.13035419161676648,0.06677272727272728,0.18mm_OF
-0.03411137724550898,-0.11608181818181815,0.18mm_OF
0.10111586826347303,0.03225636363636363,0.18mm_OF
0.10558283433133732,0.07930545454545455,0.18mm_OF
0.1275115768463074,-0.19374363636363634,0.18mm_OF
0.04182704590818363,0.10498727272727272,0.18mm_OF
-0.019086127744510985,0.2177818181818182,0.18mm_OF
-0.01421307385229541,-0.06225272727272727,0.18mm_OF
0.03289311377245509,-0.09327636363636364,0.18mm_OF
0.043451397205588826,0.10991818181818183,0.18mm_OF
-0.1575620758483034,0.1031381818181818,0.18mm_OF
-0.035735728542914166,0.07519636363636363,0.18mm_OF
-0.0799993013972056,-0.043556363636363636,0.18mm_OF
0.035735728542914166,0.04211818181818182,0.18mm_OF
-0.094212375249501,0.2266163636363636,0.18mm_OF
-0.0032487025948103802,-0.12080727272727272,0.18mm_OF
0.08527844311377245,0.07437454545454546,0.18mm_OF
-0.2274091816367265,0.2329854545454545,0.18mm_OF
0.4665949101796407,0.04540545454545454,0.18mm_OF
0.08406017964071857,-0.06081454545454545,0.18mm_OF
-0.4105547904191617,0.1058090909090909,0.18mm_OF
-0.007309580838323355,0.3129072727272727,0.18mm_OF
0.8548148702594811,-0.18347090909090907,0.18mm_OF
-0.06131926147704591,-0.031639999999999995,0.18mm_OF
-0.9754229540918165,-0.0786890909090909,0.18mm_OF
0.7061867265469062,0.15162545454545456,0.18mm_OF
0.35492075848303395,0.17360909090909088,0.18mm_OF
-0.6265935129740519,-0.4530272727272727,0.18mm_OF
-0.4946149700598802,0.3973490909090909,0.18mm_OF
0.5409089820359282,0.02917454545454545,0.18mm_OF
0.12182634730538924,-0.15614545454545453,0.18mm_OF
-0.5896395209580838,0.15922727272727272,0.18mm_OF
0.3455807385229541,-0.11772545454545455,0.18mm_OF
-0.025989620758483042,0.1916890909090909,0.18mm_OF
-0.10639500998003992,-0.14361272727272725,0.18mm_OF
0.2148204590818364,0.04150181818181818,0.18mm_OF
0.13563333333333333,-0.1017,0.18mm_OF
-0.3805042914171656,0.036776363636363635,0.18mm_OF
-0.03736007984031936,0.024243636363636363,0.18mm_OF
0.6533953093812375,-0.0895781818181818,0.18mm_OF
-0.2253787425149701,0.3722836363636363,0.18mm_OF
-0.4816201596806387,-0.3564636363636363,0.18mm_OF
0.2026378243512974,0.11382181818181818,0.18mm_OF
0.5534977045908183,0.14320181818181818,0.18mm_OF
-0.24608922155688626,-0.11834181818181815,0.18mm_OF
-0.5587768463073852,0.10683636363636363,0.18mm_OF
0.2651753493013972,0.014176363636363638,0.18mm_OF
0.2903527944111777,0.2691454545454545,0.18mm_OF
-0.2026378243512974,-0.14854363636363635,0.18mm_OF
-0.4320774451097804,0.10868545454545453,0.18mm_OF
0.18111516966067864,0.14669454545454544,0.18mm_OF
0.2810127744510978,0.11587636363636362,0.18mm_OF
-0.15715598802395211,0.15409090909090908,0.18mm_OF
0.0016243512974051895,0.02753090909090909,0.18mm_OF
0.2099474051896208,0.2379163636363636,0.18mm_OF
0.09136976047904193,-0.09800181818181818,0.18mm_OF
-0.01868003992015968,0.004725454545454546,0.18mm_OF
0.2355309381237525,0.08362,0.18mm_OF
-0.12142025948103792,0.07725090909090909,0.18mm_OF
-0.2663936127744511,-0.11834181818181815,0.18mm_OF
0.10598892215568864,-0.1569672727272727,0.18mm_OF
0.14700379241516967,0.15080363636363636,0.18mm_OF
-0.2891345309381237,0.05670545454545455,0.18mm_OF
-0.2659875249500998,-0.07334727272727272,0.18mm_OF
0.3459868263473054,0.028352727272727283,0.18mm_OF
0.1080193612774451,0.2389436363636364,0.18mm_OF
-0.16487165668662673,-0.2377109090909091,0.18mm_OF
0.05969491017964072,-0.07992181818181819,0.18mm_OF
0.2436526946107785,0.14299636363636362,0.18mm_OF
-0.0966489021956088,-0.1623090909090909,0.18mm_OF
-0.11776546906187625,-0.059787272727272724,0.18mm_OF
0.13319680638722556,-0.028969090909090906,0.18mm_OF
-0.021928742514970057,0.06574545454545455,0.18mm_OF
-0.004466966067864271,-0.05793818181818181,0.18mm_OF
0.0032487025948103802,-0.0022600000000000003,0.18mm_OF
0.07228363273453094,0.07437454545454546,0.18mm_OF
0.06619231536926147,0.1360109090909091,0.18mm_OF
-0.0471061876247505,0.009861818181818182,0.18mm_OF
-0.05319750499001996,-0.11690363636363635,0.18mm_OF
0.05319750499001996,0.1370381818181818,0.18mm_OF
0.08406017964071857,0.05958181818181817,0.18mm_OF
-0.13847594810379246,0.11012363636363637,0.18mm_OF
-0.12629331337325347,0.06841636363636364,0.18mm_OF
0.09543063872255488,0.18223818181818185,0.18mm_OF
0.0483244510978044,0.03985818181818182,0.18mm_OF
-0.011370459081836329,0.030818181818181814,0.18mm_OF
-0.004873053892215568,0.33221999999999996,0.18mm_OF
0.0308626746506986,-0.007190909090909091,0.18mm_OF
0.1104558882235529,0.1193690909090909,0.18mm_OF
0.08568453093812375,0.14936545454545455,0.18mm_OF
0.043857485029940114,0.06697818181818181,0.18mm_OF
-0.05360359281437126,-0.04232363636363636,0.18mm_OF
-0.010152195608782435,-0.025065454545454544,0.18mm_OF
-0.0308626746506986,0.08834545454545455,0.18mm_OF
-0.1080193612774451,-0.02547636363636364,0.18mm_OF
-0.17786646706586826,0.22805454545454545,0.18mm_OF
-0.21806916167664672,-0.04561090909090909,0.18mm_OF
0.02842614770459082,0.06389636363636363,0.18mm_OF
0.15674990019960078,0.10950727272727273,0.18mm_OF
-0.0483244510978044,-0.23483454545454546,0.18mm_OF
-0.13441506986027946,0.07889454545454545,0.18mm_OF
0.25949011976047903,-0.009245454545454545,0.18mm_OF
0.2525866267465069,-0.2603109090909091,0.18mm_OF
-0.1949221556886228,-0.20093454545454545,0.18mm_OF
-0.033705289421157685,-0.042734545454545456,0.18mm_OF
0.2948197604790419,-0.09471454545454544,0.18mm_OF
-0.0308626746506986,0.01356,0.18mm_OF
-0.21035349301397205,0.06923818181818181,0.18mm_OF
0.0934001996007984,0.01725818181818182,0.18mm_OF
0.11654720558882235,0.2712,0.18mm_OF
-0.13116636726546907,0.09738545454545454,0.18mm_OF
-0.06741057884231537,0.015614545454545454,0.18mm_OF
0.06944101796407186,0.10416545454545452,0.18mm_OF
-0.0637557884231537,0.07293636363636362,0.18mm_OF
-0.08243582834331338,-0.004930909090909091,0.18mm_OF
-0.08649670658682634,0.06266363636363638,0.18mm_OF
-0.023959181636726543,0.09204363636363637,0.18mm_OF
-0.158374251497006,-0.08896181818181817,0.18mm_OF
0.007309580838323355,0.17751272727272727,0.18mm_OF
0.12669940119760478,0.1224509090909091,0.18mm_OF
-0.1088315369261477,0.053418181818181816,0.18mm_OF
0.03695399201596807,0.16251454545454544,0.18mm_OF
0.09218193612774453,-0.026709090909090908,0.18mm_OF
0.22253612774451093,0.12203999999999998,0.18mm_OF
-0.07106536926147705,0.09245454545454544,0.18mm_OF
0.005685229540918164,-0.14607818181818186,0.18mm_OF
0.00934001996007984,-0.13272363636363635,0.18mm_OF
-0.0475122754491018,-0.0012327272727272727,0.18mm_OF
-0.08690279441117765,0.023627272727272733,0.18mm_OF
-0.12791766467065868,-0.07889454545454545,0.18mm_OF
0.09989760479041916,0.07745636363636363,0.18mm_OF
-0.2525866267465069,0.039652727272727284,0.18mm_OF
0.731770259481038,0.05567818181818181,0.18mm_OF
0.07147145708582832,0.010889090909090907,0.18mm_OF
-1.1069954091816363,-0.07293636363636362,0.18mm_OF
-0.4397931137724551,0.23504,0.18mm_OF
1.589427744510978,-0.2601054545454545,0.18mm_OF
0.4828384231536926,-0.32318,0.18mm_OF
-2.283025748502994,-0.1916890909090909,0.18mm_OF
0.5888273453093812,0.2972927272727273,0.18mm_OF
1.7989690618762475,0.4665872727272727,0.18mm_OF
-0.3731947105788424,-0.3948836363636363,0.18mm_OF
-1.8030299401197605,0.3332472727272727,0.18mm_OF
0.7585720558882235,0.16949999999999998,0.18mm_OF
1.400596906187625,-0.010683636363636364,0.18mm_OF
-0.8198913173652694,-0.21983636363636366,0.18mm_OF
0.13441506986027946,-0.11628727272727273,0.18mm_OF
0.011776546906187629,0.7735363636363636,0.18mm_OF
-0.14578552894211574,-0.01766909090909091,0.18mm_OF
0.2639570858283433,0.08464727272727272,0.18mm_OF
0.5961369261477046,-0.3755709090909091,0.18mm_OF
-0.9015149700598802,0.3739272727272727,0.18mm_OF
-1.0148134730538922,0.34865636363636365,0.18mm_OF
1.3254706586826348,-0.3379727272727273,0.18mm_OF
0.4385748502994012,0.7018327272727273,0.18mm_OF
-1.0842544910179641,-0.4300163636363636,0.18mm_OF
-0.5612133732534931,0.03903636363636363,0.18mm_OF
1.250750499001996,0.17751272727272727,0.18mm_OF
0.512076746506986,0.2278490909090909,0.18mm_OF
-1.0765388223552894,-0.012738181818181815,0.18mm_OF
-0.16730818363273453,-0.5684927272727273,0.18mm_OF
0.6533953093812375,0.5676709090909091,0.18mm_OF
0.39471736526946105,-0.3790636363636363,0.18mm_OF
-0.5340054890219561,-0.17566363636363633,0.18mm_OF
0.05685229540918164,0.04191272727272728,0.18mm_OF
0.5104523952095809,0.1826490909090909,0.18mm_OF
-0.015025249500998003,0.2798290909090909,0.18mm_OF
0.0028426147704590818,-0.3098254545454545,0.18mm_OF
0.12832375249501,0.12717636363636362,0.18mm_OF
0.13441506986027946,-0.14464000000000002,0.18mm_OF
-0.30700239520958084,-0.061430909090909085,0.18mm_OF
0.04182704590818363,-0.1469,0.18mm_OF
0.03329920159680639,0.5407563636363636,0.18mm_OF
-0.301723253493014,0.1758690909090909,0.18mm_OF
-0.02883223552894212,-0.5210327272727273,0.18mm_OF
0.1401002994011976,0.37516,0.18mm_OF
-0.16730818363273453,0.32605636363636364,0.18mm_OF
-0.38618952095808384,0.1532690909090909,0.18mm_OF
0.21360219560878246,-0.16600727272727273,0.18mm_OF
0.2306578842315369,0.3151672727272727,0.18mm_OF
-0.20791696606786428,0.12861454545454545,0.18mm_OF
-0.11086197604790418,-0.20833090909090907,0.18mm_OF
0.3264946107784431,0.10211090909090907,0.18mm_OF
0.0308626746506986,0.021778181818181808,0.18mm_OF
-0.3683216566866268,0.08403090909090909,0.18mm_OF
-0.1575620758483034,-0.3316036363636363,0.18mm_OF
0.2176630738522954,0.16724,0.18mm_OF
0.1441611776447106,0.04622727272727272,0.18mm_OF
-0.3403015968063872,-0.22826,0.18mm_OF
-0.049542714570858286,-0.0030818181818181817,0.18mm_OF
0.2355309381237525,0.08485272727272727,0.18mm_OF
0.18436387225548906,0.30304545454545456,0.18mm_OF
-0.1689325349301397,-0.3330418181818182,0.18mm_OF
-0.17583602794411174,-0.13539454545454546,0.18mm_OF
0.11532894211576848,0.1212181818181818,0.18mm_OF
0.02842614770459082,-0.18141636363636365,0.18mm_OF
-0.06538013972055888,-0.016025454545454544,0.18mm_OF
-0.1819273453093813,0.19929090909090907,0.18mm_OF
0.0779688622754491,-0.1415581818181818,0.18mm_OF
0.2497440119760479,-0.06964909090909091,0.18mm_OF
0.1697447105788423,0.1869636363636364,0.18mm_OF
-0.14578552894211574,-0.08238727272727273,0.18mm_OF
-0.17502385229540918,0.2062763636363636,0.18mm_OF
0.124262874251497,-0.17545818181818182,0.18mm_OF
0.03939051896207585,-0.08238727272727273,0.18mm_OF
-0.16405948103792414,0.24079272727272724,0.18mm_OF
-0.21075958083832336,-0.017052727272727268,0.18mm_OF
0.010152195608782435,0.11752,0.18mm_OF
0.14822205588822354,0.10211090909090907,0.18mm_OF
-0.03329920159680639,0.2993472727272727,0.18mm_OF
-0.2724849301397205,-0.018080000000000002,0.18mm_OF
-0.0458879241516966,0.18901818181818186,0.18mm_OF
0.25949011976047903,0.12101272727272724,0.18mm_OF
0.06172534930139721,-0.31619454545454545,0.18mm_OF
-0.1701507984031936,0.11546545454545455,0.18mm_OF
0.08446626746506987,0.02629818181818181,0.18mm_OF
0.312687624750499,0.19826363636363634,0.18mm_OF
-0.0036547904191616774,-0.029996363636363637,0.18mm_OF
-0.20791696606786428,-0.05691090909090909,0.18mm_OF
0.09908542914171656,0.3149618181818182,0.18mm_OF
0.2363431137724551,0.15450181818181818,0.18mm_OF
-0.05400968063872255,0.032667272727272725,0.18mm_OF
-0.13806986027944113,-0.17155454545454546,0.18mm_OF
0.2083230538922156,0.08916727272727272,0.18mm_OF
0.2176630738522954,0.019518181818181816,0.18mm_OF
-0.11654720558882235,-0.11464363636363635,0.18mm_OF
-0.13116636726546907,-0.10375454545454543,0.18mm_OF
0.11248632734530938,-0.11731454545454545,0.18mm_OF
0.1916734530938124,-0.027941818181818186,0.18mm_OF
-0.09786716566866267,0.05444545454545455,0.18mm_OF
-0.1441611776447106,0.2278490909090909,0.18mm_OF
-0.012182634730538922,0.03328363636363636,0.18mm_OF
0.1258872255489022,0.09348181818181817,0.18mm_OF
0.11248632734530938,0.06985454545454545,0.18mm_OF
-0.025989620758483042,0.2391490909090909,0.18mm_OF
-0.056446207584830335,0.07478545454545454,0.18mm_OF
-0.06903493013972056,-0.2459290909090909,0.18mm_OF
0.06172534930139721,0.054856363636363634,0.18mm_OF
-0.06944101796407186,0.019518181818181816,0.18mm_OF
-0.19614041916167665,0.13087454545454547,0.18mm_OF
-0.10070978043912177,-0.07026545454545452,0.18mm_OF
0.035735728542914166,0.12717636363636362,0.18mm_OF
0.11654720558882235,0.2675018181818182,0.18mm_OF
0.0471061876247505,0.0606090909090909,0.18mm_OF
0.001218263473053892,0.17874545454545454,0.18mm_OF
0.04913662674650698,0.0565,0.18mm_OF
-0.02071047904191617,0.09697454545454544,0.18mm_OF
0.20345,-0.23709454545454545,0.18mm_OF
0.6489283433133732,0.1454618181818182,0.18mm_OF
-0.5648681636726547,0.10416545454545452,0.18mm_OF
-1.40222125748503,-0.06923818181818181,0.18mm_OF
1.1516650698602793,0.26606363636363634,0.18mm_OF
1.7762281437125749,-0.2303145454545455,0.18mm_OF
-1.9297293413173653,0.09286545454545453,0.18mm_OF
-1.2872984031936128,-0.08238727272727273,0.18mm_OF
2.7345954091816367,0.2103854545454545,0.18mm_OF
0.4775592814371257,0.18141636363636365,0.18mm_OF
-2.696423153692615,-0.6853963636363636,0.18mm_OF
0.27613972055888225,0.2654472727272727,0.18mm_OF
2.0056677644710583,0.07478545454545454,0.18mm_OF
-1.013189121756487,-0.5140472727272727,0.18mm_OF
-1.241004391217565,-0.08608545454545455,0.18mm_OF
1.2539992015968062,0.40454,0.18mm_OF
0.02152265469061876,0.5091163636363636,0.18mm_OF
-0.9717681636726546,-0.4012527272727273,0.18mm_OF
0.9985699600798404,-0.3404381818181818,0.18mm_OF
0.2806066866267465,0.4764490909090909,0.18mm_OF
-1.3364350299401198,0.19271636363636369,0.18mm_OF
0.4868993013972056,-0.5181563636363636,0.18mm_OF
1.3307498003992018,-0.018901818181818183,0.18mm_OF
-1.042021357285429,0.4415218181818181,0.18mm_OF
-1.164659880239521,-0.3735163636363637,0.18mm_OF
1.2430348303393215,-0.2547636363636364,0.18mm_OF
0.8324800399201597,0.6703981818181818,0.18mm_OF
-1.4355204590818365,0.26976181818181816,0.18mm_OF
-0.7309580838323353,-0.2748981818181818,0.18mm_OF
1.339277644710579,0.31331818181818183,0.18mm_OF
0.4129913173652695,0.36303818181818176,0.18mm_OF
-1.0761327345309382,-0.4033072727272727,0.18mm_OF
-0.07350189620758484,-0.24839454545454545,0.18mm_OF
0.8625305389221557,0.5350036363636363,0.18mm_OF
0.08040538922155689,0.12265636363636362,0.18mm_OF
-0.5396907185628743,-0.5064454545454545,0.18mm_OF
0.124262874251497,0.07088181818181817,0.18mm_OF
0.3740068862275449,0.36303818181818176,0.18mm_OF
-0.2160387225548902,-0.17545818181818182,0.18mm_OF
-0.033705289421157685,-0.20401636363636366,0.18mm_OF
0.2538048902195609,0.41830545454545454,0.18mm_OF
-0.16730818363273453,0.2490109090909091,0.18mm_OF
-0.0929941117764471,-0.5259636363636364,0.18mm_OF
0.4787775449101797,-0.34413636363636363,0.18mm_OF
0.09867934131736526,0.3731054545454546,0.18mm_OF
-0.6140047904191617,0.08855090909090907,0.18mm_OF
-0.09015149700598804,-0.4963781818181818,0.18mm_OF
0.4661888223552894,0.16292545454545454,0.18mm_OF
-0.11573502994011975,0.5411672727272727,0.18mm_OF
-0.4166461077844311,-0.2303145454545455,0.18mm_OF
0.17746037924151695,-0.2668854545454545,0.18mm_OF
0.3772555888223553,0.5156909090909091,0.18mm_OF
-0.17542994011976046,0.19374363636363634,0.18mm_OF
-0.18964301397205588,-0.3692018181818181,0.18mm_OF
0.23837355289421155,0.21100181818181807,0.18mm_OF
0.06781666666666666,0.2942109090909091,0.18mm_OF
-0.19654650698602802,-0.10437090909090907,0.18mm_OF
-0.1868003992015968,-0.1351890909090909,0.18mm_OF
0.18964301397205588,0.2874309090909091,0.18mm_OF
0.10639500998003992,0.3377672727272727,0.18mm_OF
-0.21360219560878246,-0.25024363636363633,0.18mm_OF
-0.004466966067864271,0.05198,0.18mm_OF
0.0917758483033932,0.30304545454545456,0.18mm_OF
0.09746107784431138,0.024654545454545453,0.18mm_OF
-0.12223243512974052,-0.09492,0.18mm_OF
-0.07228363273453094,0.15614545454545453,0.18mm_OF
0.04548183632734532,0.2808563636363636,0.18mm_OF
0.11573502994011975,-0.2901018181818181,0.18mm_OF
0.15065858283433134,0.004930909090909091,0.18mm_OF
-0.01258872255489022,0.35194363636363635,0.18mm_OF
-0.02314700598802396,-0.053418181818181816,0.18mm_OF
0.10436457085828342,-0.09081090909090908,0.18mm_OF
0.2253787425149701,0.07088181818181817,0.18mm_OF
-0.08609061876247505,0.12306727272727272,0.18mm_OF
-0.05766447105788424,-0.07293636363636362,0.18mm_OF
0.04020269461077845,-0.11690363636363635,0.18mm_OF
0.06944101796407186,-0.006574545454545454,0.18mm_OF
0.09380628742514972,0.06903272727272727,0.18mm_OF
-0.3110632734530938,-0.05403454545454545,0.18mm_OF
-0.19654650698602802,-0.12697090909090908,0.18mm_OF
0.2257848303393213,0.1171090909090909,0.18mm_OF
0.025989620758483042,-0.0008218181818181817,0.18mm_OF
-0.3894382235528942,-0.04150181818181818,0.18mm_OF
0.05238532934131737,0.2436690909090909,0.18mm_OF
0.4739044910179641,0.08485272727272727,0.18mm_OF
-0.04913662674650698,-0.13128545454545454,0.18mm_OF
-0.25583532934131736,0.12203999999999998,0.18mm_OF
0.2026378243512974,0.06204727272727272,0.18mm_OF
0.2298457085828343,0.021572727272727268,0.18mm_OF
-0.30091107784431137,0.13354545454545455,0.18mm_OF
-0.23147005988023955,-0.07745636363636363,0.18mm_OF
0.16243512974051896,0.09060545454545453,0.18mm_OF
-0.00934001996007984,-0.013765454545454546,0.18mm_OF
-0.11573502994011975,-0.011710909090909093,0.18mm_OF
-0.012994810379241516,0.16929454545454545,0.18mm_OF
0.043045309381237525,-0.14237999999999998,0.18mm_OF
0.09624281437125748,0.06122545454545455,0.18mm_OF
0.05441576846307385,0.08649636363636364,0.18mm_OF
-0.08649670658682634,-0.06019818181818181,0.18mm_OF
-0.1985769461077844,0.10334363636363636,0.18mm_OF
0.06862884231536925,0.05629454545454545,0.18mm_OF
0.18273952095808385,-0.0606090909090909,0.18mm_OF
-0.1421307385229541,0.012943636363636362,0.18mm_OF
-0.04466966067864271,0.15224181818181814,0.18mm_OF
0.2956319361277445,-0.10211090909090907,0.18mm_OF
0.13319680638722556,-0.046432727272727264,0.18mm_OF
-0.1689325349301397,0.2354509090909091,0.18mm_OF
-0.011370459081836329,0.07951090909090908,0.18mm_OF
0.05279141716566866,-0.06882727272727272,0.18mm_OF
-0.042639221556886216,-0.034927272727272723,0.18mm_OF
-0.060913173652694615,0.09471454545454544,0.18mm_OF
-0.11735938123752496,-0.07334727272727272,0.18mm_OF
0.04142095808383234,-0.12019090909090907,0.18mm_OF
-0.22497265469061875,0.14505090909090906,0.18mm_OF
0.04142095808383234,0.0008218181818181817,0.18mm_OF
0.5413150698602794,-0.11834181818181815,0.18mm_OF
-0.7382676646706586,-0.08711272727272727,0.18mm_OF
-0.8446626746506986,0.19785272727272726,0.18mm_OF
1.4412056886227549,0.1610763636363636,0.18mm_OF
0.8483174650698603,-0.3829672727272727,0.18mm_OF
-1.9877999001996007,-0.046432727272727264,0.18mm_OF
-0.015837425149700598,0.17340363636363634,0.18mm_OF
2.352872854291417,0.3227690909090909,0.18mm_OF
-0.711465868263473,-0.1999072727272727,0.18mm_OF
-1.8131821357285431,-0.3825563636363637,0.18mm_OF
0.970955988023952,0.8234618181818182,0.18mm_OF
1.0537979041916168,-0.24408,0.18mm_OF
-1.0070978043912175,-0.29544363636363635,0.18mm_OF
-0.226597005988024,0.46145090909090897,0.18mm_OF
0.7638511976047904,-0.003492727272727273,0.18mm_OF
-0.7147145708582834,0.4181,0.18mm_OF
-0.024771357285429143,-0.20401636363636366,0.18mm_OF
1.0286204590818364,0.09615272727272728,0.18mm_OF
-0.7512624750499002,0.34126,0.18mm_OF
-0.9717681636726546,-0.1633363636363636,0.18mm_OF
1.0765388223552894,0.07581272727272728,0.18mm_OF
0.9315654690618764,0.13354545454545455,0.18mm_OF
-1.009128243512974,0.15573454545454546,0.18mm_OF
-0.508015868263473,-0.4402890909090909,0.18mm_OF
1.1277058882235529,0.19867454545454544,0.18mm_OF
0.6168474051896208,0.3373563636363636,0.18mm_OF
-0.8215156686626747,-0.3443418181818182,0.18mm_OF
-0.4621279441117765,0.02917454545454545,0.18mm_OF
0.6915675648702595,0.19189454545454546,0.18mm_OF
0.2810127744510978,0.04109090909090909,0.18mm_OF
