Drive_End,Fan_End,Label
0.346799001996008,0.17381454545454544,0.18mm_OF
-0.12629331337325347,0.05033636363636364,0.18mm_OF
-0.38456516966067866,-0.17196545454545456,0.18mm_OF
0.2343126746506986,-0.13621636363636366,0.18mm_OF
0.365885129740519,0.4078272727272727,0.18mm_OF
0.02314700598802396,-0.05198,0.18mm_OF
-0.16608992015968066,-0.2512709090909091,0.18mm_OF
0.23025179640718565,0.1261490909090909,0.18mm_OF
0.15431337325349306,-0.08012727272727273,0.18mm_OF
-0.05035489021956088,-0.2693509090909091,0.18mm_OF
-0.07065928143712576,0.20052363636363635,0.18mm_OF
-0.20101347305389225,0.2911290909090909,0.18mm_OF
-0.0032487025948103802,-0.2490109090909091,0.18mm_OF
0.1539072854291417,0.15059818181818185,0.18mm_OF
-0.09461846307385227,0.35009454545454544,0.18mm_OF
-0.4288287425149701,0.13765454545454545,0.18mm_OF
-0.022740918163672654,-0.08896181818181817,0.18mm_OF
0.22375439121756488,-0.15080363636363636,0.18mm_OF
-0.15065858283433134,0.18778545454545456,0.18mm_OF
-0.1904551896207585,0.14916,0.18mm_OF
0.09949151696606788,-0.07540181818181818,0.18mm_OF
0.2006073852295409,-0.08444181818181817,0.18mm_OF
0.07228363273453094,0.2296981818181818,0.18mm_OF
0.10274021956087824,-0.011094545454545454,0.18mm_OF
0.12101417165668665,0.03143454545454545,0.18mm_OF
0.14903423153692616,0.1608709090909091,0.18mm_OF
0.2720788423153693,-0.2329854545454545,0.18mm_OF
0.263550998003992,-0.0741690909090909,0.18mm_OF
0.11370459081836327,-0.08238727272727273,0.18mm_OF
0.143349001996008,-0.009450909090909091,0.18mm_OF
0.2521805389221557,-0.06821090909090909,0.18mm_OF
-0.16852644710578846,-0.19538727272727272,0.18mm_OF
-0.2818249500998004,0.10909636363636364,0.18mm_OF
0.16812035928143715,0.2303145454545455,0.18mm_OF
0.04182704590818363,0.1411472727272727,0.18mm_OF
-0.4580670658682634,-0.009040000000000001,0.18mm_OF
-0.17827255489021954,0.10724727272727272,0.18mm_OF
0.4093365269461078,0.13334000000000001,0.18mm_OF
0.0483244510978044,0.18737454545454546,0.18mm_OF
-0.395935628742515,-0.007190909090909091,0.18mm_OF
0.044263572854291416,-0.23668363636363635,0.18mm_OF
0.5681168662674649,0.01849090909090909,0.18mm_OF
0.1738055888223553,0.012943636363636362,0.18mm_OF
-0.27776407185628743,0.031229090909090908,0.18mm_OF
0.09218193612774453,0.1012890909090909,0.18mm_OF
0.3439563872255489,0.03944727272727274,0.18mm_OF
0.09989760479041916,-0.07725090909090909,0.18mm_OF
-0.1080193612774451,0.2477781818181818,0.18mm_OF
-0.024365269461077844,0.2748981818181818,0.18mm_OF
0.035735728542914166,-0.15922727272727272,0.18mm_OF
0.03532964071856288,0.0786890909090909,0.18mm_OF
0.024365269461077844,0.17463636363636362,0.18mm_OF
-0.10070978043912177,0.1904563636363636,0.18mm_OF
-0.12994810379241514,-0.04828181818181818,0.18mm_OF
0.0467000998003992,-0.14813272727272728,0.18mm_OF
0.1539072854291417,0.20812545454545453,0.18mm_OF
-0.08974540918163673,0.07149818181818181,0.18mm_OF
0.4182704590818364,-0.09081090909090908,0.18mm_OF
0.2330944111776447,-0.02218909090909091,0.18mm_OF
-1.353084630738523,0.11649272727272725,0.18mm_OF
0.3033476047904192,-0.023010909090909092,0.18mm_OF
2.35368502994012,-0.04211818181818182,0.18mm_OF
-0.7662877245508982,0.0470490909090909,0.18mm_OF
-2.3951059880239516,-0.05054181818181818,0.18mm_OF
1.8996788423153688,0.2705836363636364,0.18mm_OF
2.155920259481038,0.3529709090909091,0.18mm_OF
-2.5461706586826347,-0.3461909090909091,0.18mm_OF
-1.2458774451097805,0.12799818181818182,0.18mm_OF
2.235107385229541,0.4176890909090909,0.18mm_OF
0.3297433133732535,-0.6722472727272727,0.18mm_OF
-1.7985629740518962,0.02527090909090909,0.18mm_OF
0.4674070858283433,0.1528581818181818,0.18mm_OF
1.0631379241516967,0.0967690909090909,0.18mm_OF
-1.1748120758483034,0.2042218181818181,0.18mm_OF
0.2862919161676647,-0.7400472727272727,0.18mm_OF
1.0570466067864273,0.3950890909090909,0.18mm_OF
-1.1666903193612777,0.4856945454545455,0.18mm_OF
-0.5579646706586827,-0.3876927272727272,0.18mm_OF
1.6564322355289425,-0.1306690909090909,0.18mm_OF
0.1855821357285429,0.6182127272727272,0.18mm_OF
-1.9654650698602802,0.1397090909090909,0.18mm_OF
0.5246654690618763,-0.6958745454545454,0.18mm_OF
1.8139943113772448,0.6393745454545455,0.18mm_OF
-0.8377591816367265,0.15491272727272726,0.18mm_OF
-1.5065858283433131,-0.3924181818181818,0.18mm_OF
1.041615269461078,0.11608181818181815,0.18mm_OF
1.1955225548902195,0.1284090909090909,0.18mm_OF
-1.1508528942115768,-0.18984,0.18mm_OF
-0.4337017964071856,-0.4552872727272727,0.18mm_OF
0.97339251497006,0.5183618181818181,0.18mm_OF
0.2274091816367265,0.17710181818181814,0.18mm_OF
-0.599385628742515,-0.15963818181818182,0.18mm_OF
0.2343126746506986,-0.09717999999999999,0.18mm_OF
0.5604011976047903,0.2888690909090909,0.18mm_OF
-0.3512659680638723,0.3644763636363637,0.18mm_OF
0.03289311377245509,-0.5267854545454546,0.18mm_OF
0.2903527944111777,0.29359454545454544,0.18mm_OF
-0.2509622754491018,0.5041854545454545,0.18mm_OF
-0.2168508982035928,-0.3459854545454545,0.18mm_OF
0.312687624750499,-0.4513836363636364,0.18mm_OF
0.038578343313373266,0.4057727272727272,0.18mm_OF
-0.4954271457085829,0.13806545454545455,0.18mm_OF
-0.0077156686626746514,-0.5216490909090911,0.18mm_OF
0.4296409181636727,0.16189818181818186,0.18mm_OF
0.0316748502994012,0.1374490909090909,0.18mm_OF
-0.3642607784431138,0.005547272727272727,0.18mm_OF
0.07472015968063872,-0.2658581818181818,0.18mm_OF
0.4540061876247505,0.17751272727272727,0.18mm_OF
-0.010558283433133732,0.3712563636363637,0.18mm_OF
-0.35695119760479044,-0.3022236363636364,0.18mm_OF
0.1275115768463074,-0.05855454545454545,0.18mm_OF
0.471061876247505,0.28763636363636363,0.18mm_OF
-0.010152195608782435,0.18675818181818185,0.18mm_OF
-0.3597938123752495,-0.3198927272727272,0.18mm_OF
0.1912673652694611,0.28024,0.18mm_OF
0.4280165668662673,0.2946218181818181,0.18mm_OF
-0.16852644710578846,-0.2981145454545454,0.18mm_OF
-0.17908473053892215,0.1366272727272727,0.18mm_OF
0.1413185628742515,0.12553272727272727,0.18mm_OF
0.05807055888223552,0.03533818181818182,0.18mm_OF
-0.027207884231536927,-0.07458,0.18mm_OF
-0.05035489021956088,0.08896181818181817,0.18mm_OF
-0.0637557884231537,0.2510654545454545,0.18mm_OF
0.06862884231536925,-0.00041090909090909085,0.18mm_OF
0.2529927145708583,-0.11731454545454545,0.18mm_OF
0.09989760479041916,0.3036618181818181,0.18mm_OF
-0.17502385229540918,0.17689636363636366,0.18mm_OF
0.0320809381237525,-0.3057163636363636,0.18mm_OF
0.4012147704590819,0.044172727272727266,0.18mm_OF
0.08202974051896207,-0.01849090909090909,0.18mm_OF
-0.2168508982035928,0.042529090909090905,0.18mm_OF
0.109237624750499,0.0008218181818181817,0.18mm_OF
0.15065858283433134,-0.12450545454545454,0.18mm_OF
-0.03736007984031936,-0.026092727272727267,0.18mm_OF
-0.043045309381237525,0.06122545454545455,0.18mm_OF
0.023959181636726543,-0.011916363636363636,0.18mm_OF
0.02802005988023952,-0.1766909090909091,0.18mm_OF
0.058882734530938126,0.31537272727272725,0.18mm_OF
0.094212375249501,-0.09307090909090908,0.18mm_OF
-0.01421307385229541,0.03307818181818182,0.18mm_OF
0.03411137724550898,0.2342181818181818,0.18mm_OF
0.1555316367265469,-0.1859363636363636,0.18mm_OF
-0.07025319361277445,0.2903072727272727,0.18mm_OF
-0.2521805389221557,0.11012363636363637,0.18mm_OF
0.06619231536926147,0.00041090909090909085,0.18mm_OF
0.15025249500998006,0.1713490909090909,0.18mm_OF
-0.22943962075848304,0.12594363636363634,0.18mm_OF
-0.23106397205588824,-0.17381454545454544,0.18mm_OF
0.17583602794411174,0.12697090909090908,0.18mm_OF
0.17908473053892215,0.2722272727272727,0.18mm_OF
-0.2330944111776447,-0.2177818181818182,0.18mm_OF
-0.1396942115768463,0.14566727272727273,0.18mm_OF
0.4235496007984032,0.004520000000000001,0.18mm_OF
0.3208093812375249,0.039241818181818176,0.18mm_OF
-0.2217239520958084,0.013765454545454546,0.18mm_OF
-0.10274021956087824,0.01766909090909091,0.18mm_OF
0.3313676646706587,0.2387381818181818,0.18mm_OF
0.19776477045908186,-0.11834181818181815,0.18mm_OF
-0.17989690618762474,-0.09574181818181818,0.18mm_OF
0.018273952095808385,-0.008012727272727272,0.18mm_OF
0.3289311377245509,0.15409090909090908,0.18mm_OF
0.11086197604790418,-0.2467509090909091,0.18mm_OF
-0.1916734530938124,-0.09368727272727273,0.18mm_OF
0.05522794411177645,0.2535309090909091,0.18mm_OF
0.04060878243512974,-0.16703454545454546,0.18mm_OF
-0.10355239520958084,-0.13477818181818182,0.18mm_OF
-0.11451676646706585,0.08115454545454545,0.18mm_OF
-0.1104558882235529,0.21593272727272728,0.18mm_OF
0.6192839321357285,-0.03842,0.18mm_OF
-0.2846675648702595,-0.02095636363636364,0.18mm_OF
-1.2028321357285428,0.2181927272727273,0.18mm_OF
0.7277093812375249,0.2535309090909091,0.18mm_OF
1.2978566866267465,-0.2525036363636364,0.18mm_OF
-1.4939971057884232,-0.0113,0.18mm_OF
-1.2377556886227543,0.21100181818181807,0.18mm_OF
2.1522654690618763,0.07889454545454545,0.18mm_OF
0.3825347305389222,0.19888,0.18mm_OF
-1.817243013972056,-0.6202672727272728,0.18mm_OF
0.2996928143712575,0.5839018181818182,0.18mm_OF
1.335622854291417,0.010067272727272723,0.18mm_OF
-0.4507574850299401,-0.6367036363636364,0.18mm_OF
-0.8503479041916168,0.6574545454545454,0.18mm_OF
1.0846605788423154,-0.3416709090909091,0.18mm_OF
-0.11492285429141715,0.34372545454545456,0.18mm_OF
-0.6834458083832335,-0.013354545454545456,0.18mm_OF
1.1439494011976048,-0.25599636363636363,0.18mm_OF
0.16243512974051896,0.4289890909090909,0.18mm_OF
-1.1025284431137723,-0.057321818181818175,0.18mm_OF
0.2940075848303393,0.02444909090909091,0.18mm_OF
1.2771462075848303,-0.13334000000000001,0.18mm_OF
-0.4962393213572854,0.3839945454545454,0.18mm_OF
-0.9185706586826348,-0.4978163636363636,0.18mm_OF
0.6988771457085828,0.03883090909090909,0.18mm_OF
0.8897384231536926,0.4935018181818182,0.18mm_OF
-0.6148169660678643,-0.4645327272727273,0.18mm_OF
-0.8328861277445109,0.16518545454545455,0.18mm_OF
0.7025319361277446,-0.04211818181818182,0.18mm_OF
0.3740068862275449,0.15121454545454546,0.18mm_OF
-0.6607048902195608,-0.09101636363636363,0.18mm_OF
-0.12060808383233533,0.03225636363636363,0.18mm_OF
0.5035489021956088,0.2504490909090909,0.18mm_OF
0.03289311377245509,0.10827454545454546,0.18mm_OF
-0.2672057884231537,0.06718363636363636,0.18mm_OF
0.44791487025948107,-0.3938563636363636,0.18mm_OF
0.2732971057884232,0.4493290909090909,0.18mm_OF
-0.3821286427145709,-0.032667272727272725,0.18mm_OF
0.17949081836327346,-0.33468545454545456,0.18mm_OF
0.4564427145708583,0.2874309090909091,0.18mm_OF
-0.1701507984031936,0.13005272727272724,0.18mm_OF
-0.2343126746506986,-0.2017563636363636,0.18mm_OF
0.2992867265469062,-0.08382545454545455,0.18mm_OF
0.2018256487025948,0.42713999999999996,0.18mm_OF
-0.3455807385229541,-0.08464727272727272,0.18mm_OF
-0.0483244510978044,0.03472181818181818,0.18mm_OF
0.2781701596806387,0.15450181818181818,0.18mm_OF
0.004466966067864271,0.19600363636363635,0.18mm_OF
-0.1729934131736527,0.09389272727272728,0.18mm_OF
-0.024771357285429143,-0.22805454545454545,0.18mm_OF
0.316748502994012,0.3075654545454545,0.18mm_OF
-0.043857485029940114,0.041707272727272725,0.18mm_OF
-0.2298457085828343,-0.14402363636363635,0.18mm_OF
0.1396942115768463,-0.11197272727272728,0.18mm_OF
0.3248702594810379,0.14443454545454545,0.18mm_OF
-0.05238532934131737,0.20483818181818167,0.18mm_OF
-0.3541085828343313,-0.25599636363636363,0.18mm_OF
0.35004770459081835,0.18963454545454544,0.18mm_OF
0.30700239520958084,0.24839454545454545,0.18mm_OF
-0.21563263473053887,-0.1088909090909091,0.18mm_OF
-0.109237624750499,0.10211090909090907,0.18mm_OF
0.1563438123752495,0.16703454545454546,0.18mm_OF
0.03817225548902197,0.08752363636363636,0.18mm_OF
-0.2217239520958084,-0.039241818181818176,0.18mm_OF
-0.017461776447105788,-0.07314181818181817,0.18mm_OF
-0.06131926147704591,0.32235818181818177,0.18mm_OF
-0.12994810379241514,-0.19292181818181814,0.18mm_OF
0.07593842315369262,-0.17771818181818186,0.18mm_OF
0.07593842315369262,0.32092,0.18mm_OF
-0.14659770459081836,-0.17052727272727272,0.18mm_OF
-0.05360359281437126,0.05465090909090909,0.18mm_OF
0.2781701596806387,-0.07889454545454545,0.18mm_OF
0.038578343313373266,0.05074727272727272,0.18mm_OF
-0.12954201596806386,0.12799818181818182,0.18mm_OF
0.1372576846307385,-0.12368363636363636,0.18mm_OF
0.1868003992015968,0.12697090909090908,0.18mm_OF
0.06944101796407186,-0.11074,0.18mm_OF
-0.04913662674650698,0.07622363636363635,0.18mm_OF
0.06497405189620759,-0.17504727272727272,0.18mm_OF
0.01868003992015968,0.08012727272727273,0.18mm_OF
-0.12994810379241514,0.13806545454545455,0.18mm_OF
-0.047918363273453085,-0.3009909090909091,0.18mm_OF
0.06050708582834331,0.25538,0.18mm_OF
0.06741057884231537,0.015614545454545454,0.18mm_OF
-0.08893323353293413,-0.024243636363636363,0.18mm_OF
0.005279141716566866,0.1577890909090909,0.18mm_OF
0.08609061876247505,0.01623090909090909,0.18mm_OF
0.041014870259481036,0.057321818181818175,0.18mm_OF
-0.07106536926147705,0.2307254545454545,0.18mm_OF
-0.033705289421157685,-0.046021818181818185,0.18mm_OF
0.057258383233532925,-0.06574545454545455,0.18mm_OF
0.03736007984031936,0.2292872727272728,0.18mm_OF
0.11248632734530938,-0.1464890909090909,0.18mm_OF
-0.05035489021956088,0.17854,0.18mm_OF
-0.04873053892215569,-0.08731818181818181,0.18mm_OF
0.2168508982035928,-0.10293272727272727,0.18mm_OF
0.1530951097804391,0.15306363636363635,0.18mm_OF
-0.13644550898203592,-0.14464000000000002,0.18mm_OF
-0.02233483033932136,0.12060181818181814,0.18mm_OF
0.15187684630738524,-0.11587636363636362,0.18mm_OF
0.0950245508982036,0.008834545454545454,0.18mm_OF
-0.0467000998003992,-0.06821090909090909,0.18mm_OF
0.06334970059880239,0.049925454545454544,0.18mm_OF
0.14537944111776446,-0.026709090909090908,0.18mm_OF
0.10558283433133732,-0.2599,0.18mm_OF
0.0929941117764471,0.28188363636363634,0.18mm_OF
0.0312687624750499,-0.13128545454545454,0.18mm_OF
0.11086197604790418,0.0339,0.18mm_OF
0.09380628742514972,0.05362363636363636,0.18mm_OF
0.1246689620758483,0.046432727272727264,0.18mm_OF
-0.11492285429141715,0.1532690909090909,0.18mm_OF
0.5453759481037924,0.06101999999999999,0.18mm_OF
0.17177514970059882,0.26442,0.18mm_OF
-1.1691268463073852,0.004725454545454546,0.18mm_OF
-0.8491296407185629,0.5117872727272728,0.18mm_OF
1.4842509980039915,-0.05424,0.18mm_OF
0.9794838323353292,-0.08752363636363636,0.18mm_OF
-2.423532135728544,-0.02444909090909091,0.18mm_OF
0.11289241516966067,-0.09492,0.18mm_OF
2.5437341317365267,0.7028599999999999,0.18mm_OF
-0.04994880239520958,-0.2605163636363637,0.18mm_OF
-2.3707407185628737,-0.14073636363636366,0.18mm_OF
0.6355274451097804,0.0749909090909091,0.18mm_OF
2.0978497005988026,0.09635818181818184,0.18mm_OF
-1.0940005988023953,-0.3330418181818182,0.18mm_OF
-0.4263922155688623,-0.11464363636363635,0.18mm_OF
0.662329241516966,0.8129836363636362,0.18mm_OF
0.03329920159680639,-0.001438181818181818,0.18mm_OF
-0.4332957085828344,0.1935381818181818,0.18mm_OF
0.8917688622754492,-0.4072109090909091,0.18mm_OF
-0.15471946107784432,0.31927636363636364,0.18mm_OF
-1.5289206586826347,0.15635090909090907,0.18mm_OF
1.1208023952095807,-0.565,0.18mm_OF
1.0537979041916168,0.3468072727272727,0.18mm_OF
-1.141512874251497,-0.3151672727272727,0.18mm_OF
-1.1853703592814369,0.07745636363636363,0.18mm_OF
1.422931736526946,-0.4513836363636364,0.18mm_OF
0.828825249500998,0.5919145454545454,0.18mm_OF
-1.4874997005988024,0.2494218181818182,0.18mm_OF
-0.2672057884231537,-0.6301290909090909,0.18mm_OF
1.0521735528942116,0.8532527272727272,0.18mm_OF
0.4280165668662673,-0.13765454545454545,0.18mm_OF
-0.824764371257485,-0.18141636363636365,0.18mm_OF
0.21157175648702595,-0.2379163636363636,0.18mm_OF
0.5011123752495009,0.4739836363636364,0.18mm_OF
-0.4077121756487026,0.062458181818181815,0.18mm_OF
-0.13806986027944113,-0.40002,0.18mm_OF
0.021116566866267464,0.2564072727272727,0.18mm_OF
-0.0308626746506986,-0.22189090909090908,0.18mm_OF
-0.3236519960079841,0.3318090909090909,0.18mm_OF
0.3041597804391217,-0.3901581818181818,0.18mm_OF
0.05319750499001996,0.4877490909090909,0.18mm_OF
-0.3199972055888224,0.4719290909090909,0.18mm_OF
0.2765458083832335,-0.4647381818181818,0.18mm_OF
0.2781701596806387,-0.007396363636363636,0.18mm_OF
-0.029644411177644717,0.14073636363636366,0.18mm_OF
-0.3800982035928144,0.25312,0.18mm_OF
0.2339065868263473,-0.4791199999999999,0.18mm_OF
0.3175606786427145,0.4433709090909089,0.18mm_OF
-0.1096437125748503,0.07601818181818182,0.18mm_OF
-0.1246689620758483,-0.17258181818181814,0.18mm_OF
0.2842614770459082,0.0452,0.18mm_OF
0.3090328343313373,-0.06512909090909091,0.18mm_OF
-0.27410928143712576,0.3305763636363637,0.18mm_OF
-0.15471946107784432,-0.5623290909090909,0.18mm_OF
0.07431407185628743,0.11382181818181818,0.18mm_OF
0.15431337325349306,0.009861818181818182,0.18mm_OF
-0.2205056886227545,-0.11957454545454545,0.18mm_OF
-0.2209117764471058,-0.13046363636363634,0.18mm_OF
0.12994810379241514,0.04684363636363637,0.18mm_OF
0.2071047904191617,0.5191836363636364,0.18mm_OF
0.08690279441117765,-0.2962654545454545,0.18mm_OF
-0.043451397205588826,0.22271272727272728,0.18mm_OF
0.11614111776447104,0.0008218181818181817,0.18mm_OF
0.2196935129740519,-0.017463636363636362,0.18mm_OF
0.2684240518962076,0.0006163636363636364,0.18mm_OF
-0.08730888223552895,-0.02075090909090909,0.18mm_OF
-0.1258872255489022,0.16991090909090908,0.18mm_OF
0.19248562874251496,-0.32400181818181817,0.18mm_OF
0.1868003992015968,0.08793454545454545,0.18mm_OF
-0.2391857285429141,0.2420254545454545,0.18mm_OF
-0.27410928143712576,0.2346290909090909,0.18mm_OF
0.17786646706586826,-0.1808,0.18mm_OF
0.2002012974051896,0.1939490909090909,0.18mm_OF
0.02152265469061876,0.21285090909090906,0.18mm_OF
-0.01705568862275449,-0.014176363636363638,0.18mm_OF
0.22700309381237524,0.17402,0.18mm_OF
0.1689325349301397,-0.34413636363636363,0.18mm_OF
-0.0032487025948103802,0.24346363636363635,0.18mm_OF
-0.04548183632734532,0.027941818181818186,0.18mm_OF
0.018273952095808385,-0.05424,0.18mm_OF
0.060913173652694615,0.11608181818181815,0.18mm_OF
0.0312687624750499,0.007396363636363636,0.18mm_OF
0.1555316367265469,0.11423272727272725,0.18mm_OF
0.08974540918163673,0.033489090909090906,0.18mm_OF
0.0966489021956088,0.36632545454545457,0.18mm_OF
0.08162365269461078,-0.2650363636363636,0.18mm_OF
-0.04548183632734532,-0.09533090909090908,0.18mm_OF
-0.13888203592814372,0.09368727272727273,0.18mm_OF
-0.04182704590818363,-0.09430363636363637,0.18mm_OF
0.00040608782435129736,0.113,0.18mm_OF
-0.2704544910179641,-0.10190545454545454,0.18mm_OF
-0.13035419161676648,0.007601818181818181,0.18mm_OF
0.16284121756487027,0.06841636363636364,0.18mm_OF
0.0308626746506986,0.31701636363636365,0.18mm_OF
-0.2322822355289421,-0.1224509090909091,0.18mm_OF
0.0929941117764471,-0.10005636363636364,0.18mm_OF
0.4450722554890221,0.12717636363636362,0.18mm_OF
0.05360359281437126,-0.08916727272727272,0.18mm_OF
-0.13116636726546907,0.0727309090909091,0.18mm_OF
0.08893323353293413,-0.09142727272727272,0.18mm_OF
0.18152125748502995,0.07334727272727272,0.18mm_OF
-0.07675059880239521,-0.033489090909090906,0.18mm_OF
-0.2071047904191617,0.2399709090909091,0.18mm_OF
0.08081147704590819,0.13313454545454545,0.18mm_OF
0.09949151696606788,-0.06656727272727272,0.18mm_OF
-0.006091317365269461,0.20319454545454546,0.18mm_OF
-0.030050499001996005,-0.06903272727272727,0.18mm_OF
0.060100998003992025,0.15470727272727272,0.18mm_OF
0.017461776447105788,-0.07581272727272728,0.18mm_OF
-0.11248632734530938,-0.12655999999999998,0.18mm_OF
0.03695399201596807,0.1510090909090909,0.18mm_OF
-0.17705429141716567,0.11977999999999996,0.18mm_OF
0.3264946107784431,-0.047254545454545466,0.18mm_OF
0.49299061876247496,0.13847636363636362,0.18mm_OF
-0.7333946107784431,0.19004545454545446,0.18mm_OF
-0.9790777445109781,-0.036776363636363635,0.18mm_OF
1.2763340319361276,0.3038672727272727,0.18mm_OF
1.5078040918163669,-0.1224509090909091,0.18mm_OF
-2.0519617764471056,-0.40145818181818177,0.18mm_OF
-0.6749179640718562,-0.17504727272727272,0.18mm_OF
2.5660689620758483,0.3889254545454546,0.18mm_OF
0.3025354291417165,-0.04972,0.18mm_OF
-2.359776347305389,-0.3805018181818181,0.18mm_OF
0.03898443113772455,0.3994036363636364,0.18mm_OF
2.0146016966067863,-0.13991454545454546,0.18mm_OF
-0.6473039920159681,-0.11977999999999996,0.18mm_OF
-0.8154243512974052,-0.08670181818181817,0.18mm_OF
0.7597903193612774,0.2849654545454545,0.18mm_OF
0.047918363273453085,0.5085,0.18mm_OF
-0.2858858283433133,-0.3198927272727272,0.18mm_OF
0.8645609780439121,-0.2790072727272727,0.18mm_OF
0.07431407185628743,0.32523454545454544,0.18mm_OF
-1.404657784431138,0.21408363636363634,0.18mm_OF
0.6188778443113773,-0.6582763636363635,0.18mm_OF
1.3124758483033931,0.5625345454545454,0.18mm_OF
-0.9575550898203592,0.5126090909090909,0.18mm_OF
-1.291765369261477,-0.4735727272727273,0.18mm_OF
1.0318691616766469,0.08629090909090907,0.18mm_OF
1.2511565868263472,0.3303709090909091,0.18mm_OF
-1.2393800399201595,0.37516,0.18mm_OF
-0.8824288423153692,-0.41214181818181816,0.18mm_OF
1.0452700598802396,0.32996,0.18mm_OF
0.5847664670658683,0.3063327272727273,0.18mm_OF
-0.8121756487025947,-0.511170909090909,0.18mm_OF
-0.18476996007984034,-0.04294,0.18mm_OF
0.9076062874251496,0.3579018181818181,0.18mm_OF
0.02071047904191617,0.30941454545454544,0.18mm_OF
-0.297662375249501,-0.5200054545454545,0.18mm_OF
0.4531940119760479,0.18203272727272726,0.18mm_OF
0.3780677644710579,0.2027836363636364,0.18mm_OF
-0.21725698602794413,-0.4176890909090909,0.18mm_OF
0.1417246506986028,-0.3106472727272727,0.18mm_OF
0.44791487025948107,0.19785272727272726,0.18mm_OF
-0.30212934131736524,0.4760381818181818,0.18mm_OF
-0.20954131736526946,-0.5629454545454545,0.18mm_OF
0.2907588822355289,-0.0447890909090909,0.18mm_OF
-0.018273952095808385,0.5187727272727273,0.18mm_OF
-0.4203008982035928,0.09779636363636364,0.18mm_OF
-0.09055758483033932,-0.2841436363636364,0.18mm_OF
0.2517744510978044,0.2668854545454545,0.18mm_OF
-0.13035419161676648,0.63054,0.18mm_OF
-0.297662375249501,-0.5000763636363637,0.18mm_OF
0.19207954091816365,-0.27572,0.18mm_OF
0.3281189620758483,0.3059218181818182,0.18mm_OF
-0.158374251497006,0.08937272727272727,0.18mm_OF
-0.22781526946107786,-0.41399090909090897,0.18mm_OF
0.22213003992015967,0.02013454545454545,0.18mm_OF
0.36750948103792414,0.4988436363636364,0.18mm_OF
-0.1880186626746507,-0.1284090909090909,0.18mm_OF
-0.3037536926147705,-0.16621272727272726,0.18mm_OF
0.31025109780439125,0.1999072727272727,0.18mm_OF
0.3447685628742515,0.3745436363636364,0.18mm_OF
-0.2387796407185629,-0.21737090909090906,0.18mm_OF
-0.2582718562874251,-0.05362363636363636,0.18mm_OF
0.17664820359281438,0.2981145454545454,0.18mm_OF
0.06984710578842315,-0.13847636363636362,0.18mm_OF
-0.060100998003992025,-0.10211090909090907,0.18mm_OF
-0.0929941117764471,0.1916890909090909,0.18mm_OF
-0.035735728542914166,0.15265272727272727,0.18mm_OF
0.12385678642714572,-0.34701272727272725,0.18mm_OF
0.19817085828343314,0.01992909090909091,0.18mm_OF
0.08527844311377245,0.2181927272727273,0.18mm_OF
-0.1441611776447106,0.007807272727272727,0.18mm_OF
0.15674990019960078,-0.2492163636363636,0.18mm_OF
0.24608922155688626,-0.09944,0.18mm_OF
-0.0077156686626746514,0.4575472727272727,0.18mm_OF
-0.13116636726546907,-0.08896181818181817,0.18mm_OF
-0.034923552894211576,-0.046021818181818185,0.18mm_OF
0.08527844311377245,0.19435999999999998,0.18mm_OF
-0.09096367265469064,0.17258181818181814,0.18mm_OF
-0.0629436127744511,-0.06533454545454545,0.18mm_OF
-0.07593842315369262,-0.1397090909090909,0.18mm_OF
-0.03817225548902197,0.22353454545454546,0.18mm_OF
0.04020269461077845,-0.14320181818181818,0.18mm_OF
-0.03289311377245509,-0.16600727272727273,0.18mm_OF
0.06619231536926147,0.02712,0.18mm_OF
0.13806986027944113,0.17299272727272727,0.18mm_OF
0.10152195608782434,-0.15635090909090907,0.18mm_OF
-0.15959251497005986,0.03451636363636364,0.18mm_OF
0.10477065868263473,0.32400181818181817,0.18mm_OF
0.3882199600798403,0.05095272727272727,0.18mm_OF
-0.12994810379241514,0.2857872727272727,0.18mm_OF
-0.3236519960079841,-0.011710909090909093,0.18mm_OF
0.15187684630738524,0.1573781818181818,0.18mm_OF
0.4771531936127745,0.013149090909090907,0.18mm_OF
-0.08893323353293413,0.07314181818181817,0.18mm_OF
-0.4657827345309382,0.14176363636363634,0.18mm_OF
0.20588652694610776,-0.3507109090909091,0.18mm_OF
0.5697412175648703,0.07909999999999999,0.18mm_OF
-0.03695399201596807,-0.031845454545454545,0.18mm_OF
-0.3394894211576846,0.043967272727272716,0.18mm_OF
0.16202904191616765,-0.06553999999999999,0.18mm_OF
0.3305554890219561,0.010683636363636364,0.18mm_OF
0.024771357285429143,0.06923818181818181,0.18mm_OF
0.016243512974051896,-0.004930909090909091,0.18mm_OF
0.09380628742514972,0.3729,0.18mm_OF
0.10680109780439123,-0.16477454545454545,0.18mm_OF
0.07309580838323354,0.18141636363636365,0.18mm_OF
0.07106536926147705,0.2175763636363636,0.18mm_OF
-0.08730888223552895,0.005341818181818182,0.18mm_OF
-0.25664750499002,0.06512909090909091,0.18mm_OF
0.041014870259481036,-0.16662363636363633,0.18mm_OF
-0.005279141716566866,0.12820363636363635,0.18mm_OF
-0.1539072854291417,0.0030818181818181817,0.18mm_OF
0.4105547904191617,-0.08115454545454545,0.18mm_OF
0.11898373253493015,-0.2685290909090909,0.18mm_OF
-1.4489213572854291,0.2266163636363636,0.18mm_OF
-0.043045309381237525,0.21244000000000002,0.18mm_OF
2.2712492015968064,-0.3507109090909091,0.18mm_OF
-0.5096402195608782,0.06882727272727272,0.18mm_OF
-2.378862475049901,-0.040474545454545464,0.18mm_OF
1.6267878243512974,0.11608181818181815,0.18mm_OF
2.5063740518962074,0.3414654545454545,0.18mm_OF
-1.9869877245508984,-0.15080363636363636,0.18mm_OF
-1.5333876247504992,-0.06595090909090909,0.18mm_OF
2.1031288423153693,0.4739836363636364,0.18mm_OF
0.7305519960079839,-0.2808563636363636,0.18mm_OF
-1.5321693612774452,-0.2654472727272727,0.18mm_OF
0.19289171656686627,0.4873381818181818,0.18mm_OF
0.7837495009980041,0.13231272727272728,0.18mm_OF
-0.9575550898203592,0.1555290909090909,0.18mm_OF
0.3545146706586826,-0.25086,0.18mm_OF
0.9794838323353292,-0.021983636363636358,0.18mm_OF
-1.355927245508982,0.3940618181818181,0.18mm_OF
-0.7711607784431137,-0.13477818181818182,0.18mm_OF
1.8338926147704588,-0.35954545454545456,0.18mm_OF
0.4430418163672655,0.3065381818181818,0.18mm_OF
-1.87490748502994,0.3996090909090909,0.18mm_OF
0.2071047904191617,-0.7445672727272726,0.18mm_OF
1.845263073852296,0.23483454545454546,0.18mm_OF
-0.2550231536926148,0.5347981818181818,0.18mm_OF
-1.4472970059880241,-0.4269345454545455,0.18mm_OF
0.6529892215568862,-0.012532727272727272,0.18mm_OF
1.1078075848303397,0.2303145454545455,0.18mm_OF
-0.7179632734530939,-0.1931272727272728,0.18mm_OF
-0.4154278443113773,-0.5015145454545454,0.18mm_OF
0.6899432135728543,0.35687454545454544,0.18mm_OF
0.10639500998003992,0.2052490909090909,0.18mm_OF
-0.5616194610778443,-0.22045272727272727,0.18mm_OF
0.2083230538922156,-0.11402727272727273,0.18mm_OF
0.3390833333333333,0.10026181818181816,0.18mm_OF
-0.3671033932135728,0.4380290909090909,0.18mm_OF
-0.09136976047904193,-0.44296,0.18mm_OF
0.3321798403193613,-0.014998181818181815,0.18mm_OF
-0.17705429141716567,0.8086690909090909,0.18mm_OF
-0.2639570858283433,0.06307454545454545,0.18mm_OF
0.3930930139720559,-0.4554927272727273,0.18mm_OF
0.08893323353293413,0.30304545454545456,0.18mm_OF
-0.4190826347305389,0.4789145454545455,0.18mm_OF
-0.04182704590818363,-0.2759254545454545,0.18mm_OF
0.34720508982035925,0.03225636363636363,0.18mm_OF
-0.024771357285429143,0.2599,0.18mm_OF
-0.3333981037924152,0.07683999999999999,0.18mm_OF
0.08771497005988023,-0.3878981818181818,0.18mm_OF
0.3894382235528942,-0.03225636363636363,0.18mm_OF
0.08040538922155689,0.4195381818181818,0.18mm_OF
-0.3305554890219561,-0.2942109090909091,0.18mm_OF
0.021928742514970057,-0.17258181818181814,0.18mm_OF
0.4548183632734531,0.26195454545454544,0.18mm_OF
0.08121756487025948,0.21264545454545453,0.18mm_OF
-0.31837285429141715,-0.27346,0.18mm_OF
0.11208023952095808,-0.031845454545454545,0.18mm_OF
0.5092341317365269,0.31845454545454543,0.18mm_OF
0.04873053892215569,-0.08998909090909091,0.18mm_OF
-0.10070978043912177,-0.0940981818181818,0.18mm_OF
0.047918363273453085,-0.04828181818181818,0.18mm_OF
0.010964371257485029,0.06677272727272728,0.18mm_OF
0.07837495009980039,-0.18326545454545454,0.18mm_OF
0.008121756487025948,-0.0565,0.18mm_OF
-0.21197784431137728,0.33139818181818176,0.18mm_OF
-0.06050708582834331,-0.042734545454545456,0.18mm_OF
0.3744129740518962,-0.2153163636363636,0.18mm_OF
0.06741057884231537,0.29277272727272724,0.18mm_OF
-0.4434479041916167,0.4485072727272727,0.18mm_OF
-0.1819273453093813,-0.25065454545454546,0.18mm_OF
0.2854797405189621,-0.009656363636363637,0.18mm_OF
-0.024771357285429143,0.2278490909090909,0.18mm_OF
-0.3199972055888224,0.04437818181818182,0.18mm_OF
0.08040538922155689,0.18799090909090907,0.18mm_OF
0.20588652694610776,-0.1600490909090909,0.18mm_OF
0.09055758483033932,-0.036160000000000005,0.18mm_OF
-0.00934001996007984,0.17155454545454546,0.18mm_OF
-0.019492215568862273,-0.001849090909090909,0.18mm_OF
-0.02883223552894212,-0.08834545454545455,0.18mm_OF
0.17583602794411174,0.05115818181818182,0.18mm_OF
0.21035349301397205,0.023421818181818186,0.18mm_OF
-0.042233133732534935,-0.07827818181818183,0.18mm_OF
0.07390798403193613,0.2245618181818181,0.18mm_OF
0.29197714570858285,-0.007396363636363636,0.18mm_OF
0.13563333333333333,-0.025887272727272724,0.18mm_OF
-0.3114693612774451,0.17155454545454546,0.18mm_OF
0.0016243512974051895,0.03513272727272727,0.18mm_OF
0.3313676646706587,0.04191272727272728,0.18mm_OF
-0.08812105788423154,0.008423636363636364,0.18mm_OF
-0.2351248502994012,-0.018901818181818183,0.18mm_OF
0.23837355289421155,-0.03246181818181818,0.18mm_OF
0.3350224550898204,0.1713490909090909,0.18mm_OF
-0.2907588822355289,-0.044994545454545454,0.18mm_OF
-0.2968501996007984,-0.1744309090909091,0.18mm_OF
0.2489318363273453,0.13313454545454545,0.18mm_OF
0.22822135728542914,0.014998181818181815,0.18mm_OF
-0.30009890219560875,0.003287272727272727,0.18mm_OF
-0.1746177644710579,0.1325181818181818,0.18mm_OF
0.2996928143712575,0.14895454545454545,0.18mm_OF
0.1396942115768463,-0.09245454545454544,0.18mm_OF
-0.124262874251497,0.05177454545454545,0.18mm_OF
0.05076097804391217,0.2070981818181818,0.18mm_OF
0.1738055888223553,-0.08752363636363636,0.18mm_OF
-0.021116566866267464,-0.03554363636363636,0.18mm_OF
0.06050708582834331,-0.052390909090909085,0.18mm_OF
0.094212375249501,0.13827090909090908,0.18mm_OF
0.02639570858283433,0.10622000000000001,0.18mm_OF
-0.13441506986027946,-0.2800345454545454,0.18mm_OF
0.16121686626746504,0.05054181818181818,0.18mm_OF
-0.049542714570858286,0.3051,0.18mm_OF
-0.09705499001996007,-0.08341454545454545,0.18mm_OF
0.3488294411177644,0.05115818181818182,0.18mm_OF
-0.3573572854291417,0.2220963636363636,0.18mm_OF
-0.3691338323353293,0.02712,0.18mm_OF
0.5563403193612774,0.05054181818181818,0.18mm_OF
0.7057806387225549,0.05013090909090909,0.18mm_OF
-1.0891275449101796,0.024654545454545453,0.18mm_OF
-0.2050743512974052,-0.17956727272727271,0.18mm_OF
1.366891616766467,0.21675454545454545,0.18mm_OF
-0.1949221556886228,-0.1884018181818181,0.18mm_OF
-0.798774750499002,-0.1803890909090909,0.18mm_OF
0.15512554890219565,0.3920072727272727,0.18mm_OF
0.8077086826347305,-0.3301654545454545,0.18mm_OF
-0.5051732534930139,0.31331818181818183,0.18mm_OF
-0.2233483033932136,0.00020545454545454542,0.18mm_OF
0.4868993013972056,-0.0226,0.18mm_OF
-0.2956319361277445,0.4877490909090909,0.18mm_OF
0.029644411177644717,-0.2467509090909091,0.18mm_OF
0.3585755489021956,0.0565,0.18mm_OF
-0.10070978043912177,0.10149454545454543,0.18mm_OF
-0.6282178642714571,0.2194254545454545,0.18mm_OF
0.3269006986027944,-0.2833218181818182,0.18mm_OF
0.5750203592814371,0.026709090909090908,0.18mm_OF
-0.4507574850299401,0.1171090909090909,0.18mm_OF
-0.3504537924151697,-0.2301090909090909,0.18mm_OF
0.3752251497005989,0.226,0.18mm_OF
0.508015868263473,-0.2590781818181818,0.18mm_OF
-0.3289311377245509,0.2820890909090909,0.18mm_OF
-0.17624211576846308,-0.19518181818181807,0.18mm_OF
0.42436177644710577,-0.08094909090909091,0.18mm_OF
0.2014195608782436,0.30859272727272724,0.18mm_OF
-0.03736007984031936,-0.2231236363636364,0.18mm_OF
-0.05238532934131737,0.12594363636363634,0.18mm_OF
0.22943962075848304,-0.06348545454545454,0.18mm_OF
-0.016243512974051896,0.2409981818181818,0.18mm_OF
-0.09218193612774453,-0.12224545454545452,0.18mm_OF
0.10152195608782434,0.04129636363636364,0.18mm_OF
0.008933932135728542,0.25024363636363633,0.18mm_OF
-0.0787810379241517,0.0041090909090909095,0.18mm_OF
0.03939051896207585,0.12697090909090908,0.18mm_OF
0.14294291417165667,-0.057116363636363625,0.18mm_OF
-0.06781666666666666,0.2931836363636364,0.18mm_OF
-0.016243512974051896,-0.15532363636363636,0.18mm_OF
0.004060878243512974,0.08834545454545455,0.18mm_OF
0.006091317365269461,0.22764363636363635,0.18mm_OF
-0.06578622754491018,0.00862909090909091,0.18mm_OF
0.06822275449101796,-0.03862545454545455,0.18mm_OF
0.1530951097804391,-0.13477818181818182,0.18mm_OF
-0.015025249500998003,0.3579018181818181,0.18mm_OF
-0.11086197604790418,-0.11916363636363635,0.18mm_OF
0.0787810379241517,-0.05362363636363636,0.18mm_OF
0.2489318363273453,-0.005136363636363636,0.18mm_OF
-0.14294291417165667,0.03287272727272728,0.18mm_OF
-0.10233413173652696,-0.005547272727272727,0.18mm_OF
0.1721812375249501,-0.2646254545454545,0.18mm_OF
0.2651753493013972,0.3067436363636364,0.18mm_OF
-0.1539072854291417,-0.02855818181818182,0.18mm_OF
-0.07959321357285429,-0.1799781818181818,0.18mm_OF
0.2992867265469062,-0.009656363636363637,0.18mm_OF
0.025583532934131736,0.044994545454545454,0.18mm_OF
-0.033705289421157685,-0.034105454545454536,0.18mm_OF
-0.03411137724550898,-0.058965454545454536,0.18mm_OF
-0.02233483033932136,0.25086,0.18mm_OF
-0.056446207584830335,-0.010889090909090907,0.18mm_OF
0.2387796407185629,-0.01992909090909091,0.18mm_OF
0.0154313373253493,0.1224509090909091,0.18mm_OF
-0.32771287425149703,0.1881963636363636,0.18mm_OF
-0.016243512974051896,0.11279454545454545,0.18mm_OF
0.11492285429141715,0.08855090909090907,0.18mm_OF
-0.09218193612774453,0.1931272727272728,0.18mm_OF
-0.28263712574850297,0.02383272727272728,0.18mm_OF
0.09786716566866267,0.018285454545454542,0.18mm_OF
0.1563438123752495,0.0030818181818181817,0.18mm_OF
0.019492215568862273,0.07355272727272727,0.18mm_OF
-0.05928882235528943,0.08834545454545455,0.18mm_OF
0.06659840319361278,-0.11156181818181818,0.18mm_OF
0.07715668662674653,-0.12984727272727273,0.18mm_OF
-0.021116566866267464,0.048487272727272726,0.18mm_OF
0.21116566866267464,-0.025887272727272724,0.18mm_OF
0.013400898203592816,-0.07170363636363636,0.18mm_OF
-0.06822275449101796,0.2107963636363636,0.18mm_OF
0.1413185628742515,0.04232363636363636,0.18mm_OF
0.19614041916167665,0.04191272727272728,0.18mm_OF
-0.1413185628742515,0.15039272727272726,0.18mm_OF
-0.05482185628742515,-0.07704545454545454,0.18mm_OF
0.2586779441117765,0.10991818181818183,0.18mm_OF
-0.044263572854291416,0.04006363636363637,0.18mm_OF
-0.1409124750499002,-0.20401636363636366,0.18mm_OF
0.13157245508982035,0.02629818181818181,0.18mm_OF
0.3187789421157685,-0.013970909090909093,0.18mm_OF
-0.1405063872255489,-0.2812672727272727,0.18mm_OF
-0.17502385229540918,0.010067272727272723,0.18mm_OF
0.36141816367265467,0.1723763636363636,0.18mm_OF
0.1579681636726547,-0.08300363636363636,0.18mm_OF
-0.19086127744510967,0.1577890909090909,0.18mm_OF
-0.009746107784431137,0.18121090909090906,0.18mm_OF
0.37928602794411176,-0.03985818181818182,0.18mm_OF
0.010152195608782435,0.19559272727272728,0.18mm_OF
-0.1916734530938124,0.09286545454545453,0.18mm_OF
0.005279141716566866,0.015819999999999997,0.18mm_OF
0.05319750499001996,0.16724,0.18mm_OF
-0.0320809381237525,-0.07971636363636364,0.18mm_OF
-0.10030369261477047,-0.026709090909090908,0.18mm_OF
0.12791766467065868,0.2578454545454545,0.18mm_OF
-0.030050499001996005,0.036570909090909084,0.18mm_OF
-0.00040608782435129736,-0.006369090909090909,0.18mm_OF
0.24771357285429144,0.2336018181818182,0.18mm_OF
0.19289171656686627,0.07540181818181818,0.18mm_OF
-0.1096437125748503,-0.043145454545454535,0.18mm_OF
0.04182704590818363,0.1337509090909091,0.18mm_OF
0.05685229540918164,0.04129636363636364,0.18mm_OF
0.5323811377245511,0.03718727272727273,0.18mm_OF
0.109237624750499,0.033694545454545456,0.18mm_OF
-1.001006487025948,-0.0538290909090909,0.18mm_OF
-0.4438539920159681,0.3055109090909091,0.18mm_OF
1.3754194610778443,-0.053007272727272715,0.18mm_OF
0.7224302395209581,-0.18573090909090906,0.18mm_OF
-2.075514870259481,-0.17032181818181816,0.18mm_OF
0.2371552894211577,0.08115454545454545,0.18mm_OF
1.8139943113772448,0.3862545454545455,0.18mm_OF
-0.2042621756487026,-0.4107036363636363,0.18mm_OF
-1.7875986027944109,0.08916727272727272,0.18mm_OF
0.22497265469061875,0.0402690909090909,0.18mm_OF
1.4359265469061877,0.0470490909090909,0.18mm_OF
-0.8227339321357285,-0.1035490909090909,0.18mm_OF
0.001218263473053892,-0.17566363636363633,0.18mm_OF
0.21360219560878246,0.7655236363636363,0.18mm_OF
-0.06334970059880239,-0.10211090909090907,0.18mm_OF
0.16487165668662673,0.07540181818181818,0.18mm_OF
0.8544087824351297,-0.28065090909090906,0.18mm_OF
-0.32771287425149703,0.0741690909090909,0.18mm_OF
-1.2706488023952096,0.10272727272727272,0.18mm_OF
1.1009040918163673,-0.4515890909090909,0.18mm_OF
0.6135987025948104,0.495350909090909,0.18mm_OF
-1.0018186626746506,-0.4741890909090909,0.18mm_OF
-1.0022247504990018,0.20319454545454546,0.18mm_OF
0.9867934131736528,0.026092727272727267,0.18mm_OF
0.7118719560878243,0.3272890909090909,0.18mm_OF
-1.0919701596806386,0.2979090909090909,0.18mm_OF
-0.14375508982035928,-0.5076781818181818,0.18mm_OF
0.6635475049900199,0.7803163636363636,0.18mm_OF
0.4885236526946108,-0.4041290909090909,0.18mm_OF
-0.44629051896207583,-0.2825,0.18mm_OF
0.14984640718562875,-0.15963818181818182,0.18mm_OF
0.3967478043912176,0.2599,0.18mm_OF
-0.2956319361277445,0.16292545454545454,0.18mm_OF
0.12385678642714572,-0.4932963636363636,0.18mm_OF
0.13806986027944113,0.4581636363636363,0.18mm_OF
0.019086127744510985,-0.2401763636363637,0.18mm_OF
-0.30009890219560875,0.17977272727272728,0.18mm_OF
0.21157175648702595,-0.1668290909090909,0.18mm_OF
0.10517674650698602,0.2882527272727273,0.18mm_OF
-0.3597938123752495,0.2775690909090909,0.18mm_OF
0.10233413173652696,-0.5818472727272728,0.18mm_OF
0.09705499001996007,0.2243563636363637,0.18mm_OF
-0.06903493013972056,-0.01623090909090909,0.18mm_OF
-0.3443624750499002,0.14340727272727272,0.18mm_OF
0.10274021956087824,-0.2274381818181818,0.18mm_OF
0.2038560878243513,0.3579018181818181,0.18mm_OF
-0.139288123752495,0.07951090909090908,0.18mm_OF
-0.07918712574850299,-0.27572,0.18mm_OF
0.2793884231536926,0.25209272727272725,0.18mm_OF
0.3285250499001996,-0.16066545454545456,0.18mm_OF
-0.1246689620758483,0.21264545454545453,0.18mm_OF
-0.06497405189620759,-0.2788018181818181,0.18mm_OF
0.2152265469061876,0.2656527272727273,0.18mm_OF
0.2891345309381237,0.1886072727272728,0.18mm_OF
-0.2542109780439122,-0.1682672727272727,0.18mm_OF
-0.13197854291417166,0.1577890909090909,0.18mm_OF
0.2542109780439122,0.07149818181818181,0.18mm_OF
0.2026378243512974,0.32297454545454546,0.18mm_OF
-0.04994880239520958,-0.16436363636363635,0.18mm_OF
-0.07675059880239521,0.17299272727272727,0.18mm_OF
0.24284051896207584,-0.03554363636363636,0.18mm_OF
0.06903493013972056,-0.10806909090909088,0.18mm_OF
0.06822275449101796,0.17093818181818182,0.18mm_OF
-0.0787810379241517,0.15676181818181814,0.18mm_OF
0.01989830339321357,0.13395636363636362,0.18mm_OF
0.10477065868263473,-0.05793818181818181,0.18mm_OF
0.20588652694610776,0.3301654545454545,0.18mm_OF
0.043857485029940114,0.09430363636363637,0.18mm_OF
-0.2367492015968064,0.2675018181818182,0.18mm_OF
0.1401002994011976,-0.1148490909090909,0.18mm_OF
0.12060808383233533,-0.14874909090909091,0.18mm_OF
-0.04020269461077845,0.2352454545454545,0.18mm_OF
-0.2075108782435129,-0.15059818181818185,0.18mm_OF
0.10598892215568864,-0.059992727272727274,0.18mm_OF
0.143349001996008,-0.1076581818181818,0.18mm_OF
-0.11898373253493015,0.07026545454545452,0.18mm_OF
-0.03329920159680639,-0.06615636363636364,0.18mm_OF
0.07309580838323354,0.20504363636363634,0.18mm_OF
0.2176630738522954,-0.05095272727272727,0.18mm_OF
-0.002436526946107784,-0.1886072727272728,0.18mm_OF
0.09096367265469064,0.3001690909090909,0.18mm_OF
0.2099474051896208,-0.12388909090909092,0.18mm_OF
0.12182634730538924,0.1296418181818182,0.18mm_OF
0.047918363273453085,-0.053418181818181816,0.18mm_OF
-0.05197924151696607,-0.13190181818181818,0.18mm_OF
0.02152265469061876,0.08711272727272727,0.18mm_OF
-0.0312687624750499,0.24182,0.18mm_OF
-0.08121756487025948,0.09471454545454544,0.18mm_OF
-0.19695259481037924,-0.12984727272727273,0.18mm_OF
-0.10274021956087824,0.26483090909090906,0.18mm_OF
0.00934001996007984,-0.028969090909090906,0.18mm_OF
-0.05969491017964072,0.2781854545454545,0.18mm_OF
-0.11776546906187625,0.003287272727272727,0.18mm_OF
-0.11370459081836327,-0.21511090909090907,0.18mm_OF
0.17502385229540918,0.21223454545454545,0.18mm_OF
0.08974540918163673,0.03903636363636363,0.18mm_OF
-0.12994810379241514,0.07827818181818183,0.18mm_OF
-0.04548183632734532,-0.12388909090909092,0.18mm_OF
0.26923622754491017,0.07314181818181817,0.18mm_OF
0.19817085828343314,-0.08115454545454545,0.18mm_OF
-0.043857485029940114,0.11587636363636362,0.18mm_OF
0.15268902195608786,0.08670181818181817,0.18mm_OF
0.2404039920159681,-0.4464527272727272,0.18mm_OF
0.19289171656686627,0.07581272727272728,0.18mm_OF
-0.006091317365269461,-0.027325454545454545,0.18mm_OF
0.024771357285429143,-0.08526363636363636,0.18mm_OF
-0.05076097804391217,-0.03143454545454545,0.18mm_OF
-0.1851760479041916,-0.021983636363636358,0.18mm_OF
-0.08568453093812375,0.029996363636363637,0.18mm_OF
-0.1409124750499002,0.10026181818181816,0.18mm_OF
-0.11695329341317365,0.17032181818181816,0.18mm_OF
0.4174582834331337,-0.021572727272727268,0.18mm_OF
-0.08406017964071857,0.18162181818181816,0.18mm_OF
-1.5118649700598803,0.014176363636363638,0.18mm_OF
0.5997917165668663,0.27572,0.18mm_OF
2.198965568862276,-0.041707272727272725,0.18mm_OF
-1.312069760479042,-0.4415218181818181,0.18mm_OF
-1.859476147704591,-0.13313454545454545,0.18mm_OF
2.6310430139720564,0.19107272727272728,0.18mm_OF
1.6007982035928143,0.5631509090909089,0.18mm_OF
-2.8803809381237526,-0.5726018181818182,0.18mm_OF
-0.464158383233533,0.16272,0.18mm_OF
2.5250540918163664,0.5989,0.18mm_OF
-0.15065858283433134,-0.5294563636363636,0.18mm_OF
-1.8688161676646704,0.09471454545454544,0.18mm_OF
0.8722766467065869,0.2512709090909091,0.18mm_OF
0.9798899201596808,0.6521127272727273,0.18mm_OF
-1.221918263473054,-0.2149054545454545,0.18mm_OF
0.5567464071856287,-0.4604236363636364,0.18mm_OF
0.7959321357285429,0.6510854545454544,0.18mm_OF
-1.2726792415169659,-0.19785272727272726,0.18mm_OF
-0.1713690618762475,-0.44090545454545454,0.18mm_OF
1.697447105788423,-0.0749909090909091,0.18mm_OF
-0.2996928143712575,0.61246,0.18mm_OF
-1.8347047904191616,-0.1758690909090909,0.18mm_OF
1.1175536926147704,-0.7669618181818182,0.18mm_OF
1.8440448103792413,0.7125163636363636,0.18mm_OF
-1.0424274451097806,0.3922127272727272,0.18mm_OF
-1.4436422155688622,-0.29832,0.18mm_OF
1.2284156686626746,0.1713490909090909,0.18mm_OF
1.0517674650698603,0.6519072727272727,0.18mm_OF
-1.2458774451097805,-0.3805018181818181,0.18mm_OF
-0.539284630738523,-0.5409618181818182,0.18mm_OF
0.8064904191616766,0.7577163636363636,0.18mm_OF
0.21888133732534928,0.08485272727272727,0.18mm_OF
-0.625375249500998,-0.4875436363636364,0.18mm_OF
0.0036547904191616774,-0.07211454545454546,0.18mm_OF
0.3829408183632735,0.3611890909090909,0.18mm_OF
-0.21116566866267464,-0.08259272727272728,0.18mm_OF
0.10517674650698602,-0.6245818181818181,0.18mm_OF
0.33664680638722555,0.3474236363636363,0.18mm_OF
-0.13685159680638725,0.6814927272727273,0.18mm_OF
-0.060913173652694615,-0.23195818181818176,0.18mm_OF
0.3736007984031936,-0.3336581818181818,0.18mm_OF
0.15674990019960078,0.6743018181818182,0.18mm_OF
-0.4117730538922155,0.26955636363636365,0.18mm_OF
-0.09949151696606788,-0.5033636363636363,0.18mm_OF
0.3041597804391217,0.2917454545454545,0.18mm_OF
0.02517744510978044,0.5532890909090908,0.18mm_OF
-0.3053780439121757,-0.4402890909090909,0.18mm_OF
-0.033705289421157685,-0.5878054545454545,0.18mm_OF
0.44629051896207583,0.4957618181818181,0.18mm_OF
0.049542714570858286,0.06574545454545455,0.18mm_OF
-0.3297433133732535,-0.5705472727272727,0.18mm_OF
0.056446207584830335,0.13231272727272728,0.18mm_OF
0.5673046906187624,0.3562581818181818,0.18mm_OF
0.0458879241516966,0.04684363636363637,0.18mm_OF
-0.4751227544910179,-0.21737090909090906,0.18mm_OF
0.312687624750499,0.23113636363636364,0.18mm_OF
0.5291324351297405,0.4439872727272727,0.18mm_OF
-0.2538048902195609,-0.0727309090909091,0.18mm_OF
-0.3593877245508982,-0.037803636363636366,0.18mm_OF
0.2042621756487026,0.1945654545454545,0.18mm_OF
0.14253682634730538,-0.05013090909090909,0.18mm_OF
-0.2205056886227545,-0.32790545454545456,0.18mm_OF
-0.24527704590818364,0.12902545454545453,0.18mm_OF
-0.033705289421157685,0.25373636363636365,0.18mm_OF
0.07918712574850299,-0.4902145454545455,0.18mm_OF
0.03329920159680639,-0.07375818181818182,0.18mm_OF
-0.011776546906187629,0.4760381818181818,0.18mm_OF
-0.17949081836327346,-0.15532363636363636,0.18mm_OF
-0.041014870259481036,-0.11649272727272725,0.18mm_OF
0.2274091816367265,0.21552181818181806,0.18mm_OF
0.04507574850299401,0.07581272727272728,0.18mm_OF
-0.143349001996008,0.09224909090909092,0.18mm_OF
0.09624281437125748,-0.009450909090909091,0.18mm_OF
0.2858858283433133,-0.0940981818181818,0.18mm_OF
0.12872984031936127,0.17607454545454546,0.18mm_OF
-0.0475122754491018,0.10848,0.18mm_OF
-0.004873053892215568,-0.1337509090909091,0.18mm_OF
0.12913592814371255,0.1637472727272727,0.18mm_OF
0.08974540918163673,0.06471818181818181,0.18mm_OF
-0.12101417165668665,-0.2843490909090909,0.18mm_OF
-0.02802005988023952,0.16888363636363635,0.18mm_OF
0.12020199600798405,0.20648181818181816,0.18mm_OF
0.03248702594810378,-0.14813272727272728,0.18mm_OF
-0.1912673652694611,0.19538727272727272,0.18mm_OF
-0.1088315369261477,0.11505454545454545,0.18mm_OF
0.3683216566866268,-0.05567818181818181,0.18mm_OF
0.09827325349301397,0.25435272727272723,0.18mm_OF
-0.30091107784431137,-0.018285454545454542,0.18mm_OF
0.06334970059880239,-0.17402,0.18mm_OF
0.523041117764471,0.16354181818181818,0.18mm_OF
0.07350189620758484,0.07560727272727273,0.18mm_OF
-0.3707581836327345,-0.1881963636363636,0.18mm_OF
0.1721812375249501,-0.09615272727272728,0.18mm_OF
0.4162400199600799,0.006985454545454546,0.18mm_OF
0.016243512974051896,0.040474545454545464,0.18mm_OF
-0.2854797405189621,0.012121818181818182,0.18mm_OF
0.07918712574850299,-0.02444909090909091,0.18mm_OF
0.1932978043912176,0.036570909090909084,0.18mm_OF
0.02314700598802396,-0.09779636363636364,0.18mm_OF
0.005279141716566866,0.05013090909090909,0.18mm_OF
-0.04629401197604791,0.24161454545454544,0.18mm_OF
0.12020199600798405,0.008834545454545454,0.18mm_OF
0.051167065868263466,-0.08505818181818181,0.18mm_OF
-0.002030439121756487,0.22230181818181816,0.18mm_OF
-0.10639500998003992,0.18881272727272727,0.18mm_OF
-0.09543063872255488,-0.08300363636363636,0.18mm_OF
0.0467000998003992,0.08485272727272727,0.18mm_OF
-0.1080193612774451,0.16436363636363635,0.18mm_OF
-0.2071047904191617,0.2379163636363636,0.18mm_OF
0.4889297405189621,-0.08362,0.18mm_OF
0.11654720558882235,-0.13457272727272726,0.18mm_OF
-1.3664855289421156,0.3445472727272727,0.18mm_OF
0.5157315369261477,0.06307454545454545,0.18mm_OF
1.9252623752495008,-0.3110581818181818,0.18mm_OF
-1.0428335329341318,0.053007272727272715,0.18mm_OF
-1.6231330339321357,0.1370381818181818,0.18mm_OF
1.9963277445109784,-0.10478181818181816,0.18mm_OF
1.2864862275449105,0.2642145454545454,0.18mm_OF
-2.0418095808383234,-0.2919509090909091,0.18mm_OF
-0.2927893213572854,0.1931272727272728,0.18mm_OF
1.6564322355289425,0.3729,0.18mm_OF
0.007309580838323355,-0.6091727272727273,0.18mm_OF
-0.9287228542914172,0.3517381818181818,0.18mm_OF
0.742734630738523,-0.16395272727272728,0.18mm_OF
0.18476996007984034,0.13950363636363636,0.18mm_OF
-0.8511600798403194,0.25373636363636365,0.18mm_OF
0.9534942115768462,-0.6582763636363635,0.18mm_OF
0.2505561876247505,0.29277272727272724,0.18mm_OF
-1.369734231536926,0.113,0.18mm_OF
-0.004873053892215568,0.055267272727272734,0.18mm_OF
1.329937624750499,-0.15018727272727272,0.18mm_OF
-0.2680179640718563,0.2812672727272727,0.18mm_OF
-1.3396837325349302,0.19251090909090907,0.18mm_OF
0.3748190618762475,-0.2781854545454545,0.18mm_OF
1.0274021956087824,0.4937072727272727,0.18mm_OF
-0.4320774451097804,-0.06656727272727272,0.18mm_OF
-0.9689255489021956,0.00020545454545454542,0.18mm_OF
0.5470002994011977,0.02917454545454545,0.18mm_OF
0.6107560878243513,0.13827090909090908,0.18mm_OF
-0.4580670658682634,-0.07930545454545455,0.18mm_OF
-0.13685159680638725,-0.25209272727272725,0.18mm_OF
0.3179667664670659,0.3151672727272727,0.18mm_OF
0.0316748502994012,-0.05136363636363636,0.18mm_OF
-0.2996928143712575,0.12101272727272724,0.18mm_OF
0.33177375249500995,-0.21059090909090908,0.18mm_OF
0.248525748502994,0.08546909090909091,0.18mm_OF
-0.3407076846307385,0.28702,0.18mm_OF
0.12791766467065868,-0.29749818181818183,0.18mm_OF
0.3906564870259481,0.06985454545454545,0.18mm_OF
-0.1250750499001996,0.33550727272727265,0.18mm_OF
-0.19614041916167665,-0.05074727272727272,0.18mm_OF
0.2988806387225549,-0.4055672727272727,0.18mm_OF
0.08162365269461078,0.3897472727272727,0.18mm_OF
-0.14253682634730538,0.10334363636363636,0.18mm_OF
0.00040608782435129736,-0.2584618181818182,0.18mm_OF
0.11857764471057886,0.1366272727272727,0.18mm_OF
0.00934001996007984,0.1031381818181818,0.18mm_OF
-0.1900491017964072,-0.006574545454545454,0.18mm_OF
-0.09543063872255488,-0.2149054545454545,0.18mm_OF
0.09867934131736526,0.15265272727272727,0.18mm_OF
0.02842614770459082,-0.027325454545454545,0.18mm_OF
-0.24446487025948105,0.11834181818181815,0.18mm_OF
0.05969491017964072,-0.07252545454545453,0.18mm_OF
0.3273067864271457,-0.07930545454545455,0.18mm_OF
0.06172534930139721,0.4542600000000001,0.18mm_OF
-0.19735868263473053,-0.3476290909090909,0.18mm_OF
0.15350119760479042,-0.025065454545454544,0.18mm_OF
0.35695119760479044,0.3739272727272727,0.18mm_OF
-0.07431407185628743,-0.18141636363636365,0.18mm_OF
-0.01705568862275449,-0.09656363636363637,0.18mm_OF
0.13603942115768464,0.2775690909090909,0.18mm_OF
0.06659840319361278,-0.03739272727272727,0.18mm_OF
0.05238532934131737,-0.15121454545454546,0.18mm_OF
0.05076097804391217,0.16888363636363635,0.18mm_OF
-0.07918712574850299,0.021572727272727268,0.18mm_OF
-0.13279071856287425,0.10622000000000001,0.18mm_OF
0.17502385229540918,-0.01992909090909091,0.18mm_OF
0.11776546906187625,0.19230545454545456,0.18mm_OF
-0.24121616766467066,0.22805454545454545,0.18mm_OF
-0.002030439121756487,-0.05095272727272727,0.18mm_OF
0.2521805389221557,-0.07190909090909091,0.18mm_OF
0.03898443113772455,-0.00041090909090909085,0.18mm_OF
0.023959181636726543,0.2839381818181818,0.18mm_OF
0.0799993013972056,-0.22250727272727272,0.18mm_OF
