Drive_End,Fan_End,Label
1.3348106786427143,-0.018285454545454542,0.54mm_IF
1.3603942115768464,0.03246181818181818,0.54mm_IF
-1.126487624750499,0.22230181818181816,0.54mm_IF
-1.2609026946107784,0.3365345454545454,0.54mm_IF
1.11430499001996,0.2075090909090909,0.54mm_IF
1.5159258483033933,0.15347454545454545,0.54mm_IF
-0.6753240518962076,-0.10622000000000001,0.54mm_IF
-1.26455748502994,-0.49268,0.54mm_IF
0.44426007984031934,-0.04622727272727272,0.54mm_IF
1.0135952095808385,-0.1495709090909091,0.54mm_IF
-0.3293372255489022,-0.04561090909090909,0.54mm_IF
-1.0371483033932136,0.09081090909090908,0.54mm_IF
-0.15715598802395211,0.07560727272727273,0.54mm_IF
0.44791487025948107,0.1939490909090909,0.54mm_IF
0.09461846307385227,0.2245618181818181,0.54mm_IF
-0.4889297405189621,0.3733109090909091,0.54mm_IF
-0.42436177644710577,-0.007396363636363636,0.54mm_IF
0.13279071856287425,0.2987309090909091,0.54mm_IF
0.3297433133732535,0.07108727272727272,0.54mm_IF
0.024771357285429143,-0.5863672727272727,0.54mm_IF
-0.2481196606786427,-0.3365345454545454,0.54mm_IF
0.08406017964071857,-0.02116181818181818,0.54mm_IF
0.39471736526946105,0.042734545454545456,0.54mm_IF
0.08730888223552895,-0.11156181818181818,0.54mm_IF
-0.11857764471057886,0.2720218181818182,0.54mm_IF
0.2619266467065868,0.11279454545454545,0.54mm_IF
0.3865956087824352,0.02218909090909091,0.54mm_IF
-0.1421307385229541,0.20668727272727272,0.54mm_IF
-0.3455807385229541,-0.11793090909090907,0.54mm_IF
0.05035489021956088,0.15655636363636366,0.54mm_IF
0.14578552894211574,0.10724727272727272,0.54mm_IF
-0.1880186626746507,-0.2582563636363636,0.54mm_IF
-0.1559377245508982,-0.0918381818181818,0.54mm_IF
0.16162295409181635,0.15347454545454545,0.54mm_IF
0.10111586826347303,0.03842,0.54mm_IF
-0.1831456087824352,0.3889254545454546,0.54mm_IF
-0.16040469061876247,0.4115254545454545,0.54mm_IF
0.00040608782435129736,-0.041707272727272725,0.54mm_IF
-0.005685229540918164,0.19970181818181806,0.54mm_IF
0.058882734530938126,0.06759454545454545,0.54mm_IF
-0.013806986027944113,-0.11628727272727273,0.54mm_IF
-0.33827115768463073,-0.16292545454545454,0.54mm_IF
-0.22822135728542914,-0.13334000000000001,0.54mm_IF
0.2980684630738523,-0.04540545454545454,0.54mm_IF
0.2196935129740519,0.07971636363636364,0.54mm_IF
-0.33380419161676644,-0.10806909090909088,0.54mm_IF
-0.19370389221556888,-0.0749909090909091,0.54mm_IF
0.4568488023952096,0.3858436363636363,0.54mm_IF
0.4576609780439122,-0.08341454545454545,0.54mm_IF
-0.18395778443113767,-0.15018727272727272,0.54mm_IF
-0.27126666666666666,0.13683272727272727,0.54mm_IF
0.2781701596806387,-0.17052727272727272,0.54mm_IF
0.248525748502994,-0.3272890909090909,0.54mm_IF
-0.2846675648702595,0.0020545454545454547,0.54mm_IF
-0.27126666666666666,-0.0010272727272727274,0.54mm_IF
0.143349001996008,-0.05876,0.54mm_IF
0.16730818363273453,0.25312,0.54mm_IF
-0.07593842315369262,0.2477781818181818,0.54mm_IF
0.057258383233532925,0.33982181818181817,0.54mm_IF
0.23106397205588824,0.2270272727272727,0.54mm_IF
-0.019086127744510985,0.07396363636363636,0.54mm_IF
-0.5547159680638722,0.10806909090909088,0.54mm_IF
-0.4974575848303394,0.044172727272727266,0.54mm_IF
0.3463929141716567,-0.18532,0.54mm_IF
0.4032452095808383,-0.24346363636363635,0.54mm_IF
-0.6050708582834331,0.0678,0.54mm_IF
-0.5985734530938124,-0.04191272727272728,0.54mm_IF
0.6196900199600798,0.0226,0.54mm_IF
0.5681168662674649,0.17484181818181818,0.54mm_IF
-0.6594866267465069,0.12060181818181814,0.54mm_IF
-0.8235461077844309,-0.03698181818181818,0.54mm_IF
0.9388750499001997,0.0226,0.54mm_IF
1.5301389221556887,0.2744872727272727,0.54mm_IF
-0.5165437125748502,-0.08382545454545455,0.54mm_IF
-1.2198878243512974,0.10991818181818183,0.54mm_IF
0.6355274451097804,0.11341090909090908,0.54mm_IF
1.3989725548902197,-0.3718727272727272,0.54mm_IF
-0.5287263473053893,-0.03554363636363636,0.54mm_IF
-1.1102441117764472,0.07786727272727273,0.54mm_IF
0.674511876247505,0.20381090909090907,0.54mm_IF
1.0887214570858283,0.2409981818181818,0.54mm_IF
-0.3159363273453094,0.061430909090909085,0.54mm_IF
-0.7199937125748502,-0.05321272727272727,0.54mm_IF
0.3273067864271457,-0.12738181818181818,0.54mm_IF
0.3971538922155689,-0.05280181818181818,0.54mm_IF
-0.2915710578842315,-0.1076581818181818,0.54mm_IF
-0.23147005988023955,0.11464363636363635,0.54mm_IF
-0.1088315369261477,-0.14094181818181814,0.54mm_IF
-0.263550998003992,0.15594,0.54mm_IF
-0.03654790419161677,0.3213309090909091,0.54mm_IF
0.1835516966067864,-0.12553272727272727,0.54mm_IF
-0.3606059880239521,0.002465454545454545,0.54mm_IF
-0.6489283433133732,0.3511218181818182,0.54mm_IF
0.14862814371257485,0.3922127272727272,0.54mm_IF
0.5226350299401198,-0.2605163636363637,0.54mm_IF
-0.18436387225548906,-0.3262618181818182,0.54mm_IF
-0.3723825349301397,0.043350909090909086,0.54mm_IF
0.3220276447105788,0.11690363636363635,0.54mm_IF
0.4203008982035928,-0.3120854545454545,0.54mm_IF
-0.16040469061876247,-0.035749090909090904,0.54mm_IF
-0.12872984031936127,0.3765981818181818,0.54mm_IF
0.4373565868263473,0.0918381818181818,0.54mm_IF
0.3029415169660679,-0.12429999999999998,0.54mm_IF
-0.07959321357285429,0.05403454545454545,0.54mm_IF
0.12182634730538924,0.4641218181818181,0.54mm_IF
0.20548043912175648,0.10416545454545452,0.54mm_IF
-0.09827325349301397,-0.14854363636363635,0.54mm_IF
-0.14619161676646708,-0.005136363636363636,0.54mm_IF
0.2326883233532934,0.006574545454545454,0.54mm_IF
0.11289241516966067,-0.13950363636363636,0.54mm_IF
-0.37928602794411176,-0.005547272727272727,0.54mm_IF
-0.28263712574850297,0.18634727272727272,0.54mm_IF
0.07350189620758484,0.11875272727272725,0.54mm_IF
-0.0016243512974051895,0.14669454545454544,0.54mm_IF
-0.26761187624750504,-0.04787090909090909,0.54mm_IF
-0.1096437125748503,-0.034310909090909086,0.54mm_IF
-0.03532964071856288,0.039652727272727284,0.54mm_IF
-0.2651753493013972,-0.20381090909090907,0.54mm_IF
-0.12629331337325347,-0.13642181818181814,0.54mm_IF
0.17908473053892215,-0.043145454545454535,0.54mm_IF
0.07959321357285429,-0.06677272727272728,0.54mm_IF
-0.19776477045908186,-0.049309090909090914,0.54mm_IF
-0.02802005988023952,0.029585454545454543,0.54mm_IF
0.3350224550898204,0.005958181818181818,0.54mm_IF
0.11451676646706585,-0.021778181818181808,0.54mm_IF
-0.26476926147704594,0.2662690909090909,0.54mm_IF
0.0154313373253493,0.04376181818181818,0.54mm_IF
0.3447685628742515,-0.15409090909090908,0.54mm_IF
0.010964371257485029,0.22127454545454545,0.54mm_IF
-0.2984745508982036,0.10293272727272727,0.54mm_IF
-0.021116566866267464,-0.19908545454545454,0.54mm_IF
0.2525866267465069,0.05362363636363636,0.54mm_IF
0.06172534930139721,0.07293636363636362,0.54mm_IF
-0.2952258483033932,0.2025781818181818,0.54mm_IF
-0.25664750499002,0.3829672727272727,0.54mm_IF
0.2915710578842315,-0.01869636363636364,0.54mm_IF
0.5084219560878244,0.11320545454545455,0.54mm_IF
-0.11654720558882235,0.3057163636363636,0.54mm_IF
-0.3930930139720559,-0.03143454545454545,0.54mm_IF
0.2257848303393213,-0.024654545454545453,0.54mm_IF
0.5798934131736527,0.08444181818181817,0.54mm_IF
0.013806986027944113,-0.26976181818181816,0.54mm_IF
-0.4544122754491018,-0.11402727272727273,0.54mm_IF
0.11208023952095808,0.031229090909090908,0.54mm_IF
0.6127865269461077,-0.1360109090909091,0.54mm_IF
0.23837355289421155,0.013354545454545456,0.54mm_IF
-0.7589781437125749,-0.01356,0.54mm_IF
-0.8466931137724552,0.16888363636363635,0.54mm_IF
0.4507574850299401,0.12327272727272726,0.54mm_IF
0.6741057884231537,-0.2864036363636364,0.54mm_IF
-0.6184717564870259,0.03225636363636363,0.54mm_IF
-1.046082235528942,0.13190181818181818,0.54mm_IF
0.3784738522954091,-0.02855818181818182,0.54mm_IF
0.9270985029940121,0.1125890909090909,0.54mm_IF
-0.3853773453093812,0.07293636363636362,0.54mm_IF
-0.6509587824351297,0.14135272727272727,0.54mm_IF
0.436950499001996,0.11772545454545455,0.54mm_IF
0.7232424151696607,0.2545581818181818,0.54mm_IF
-0.03817225548902197,0.08505818181818181,0.54mm_IF
-0.22375439121756488,0.09944,0.54mm_IF
0.4227374251497006,0.08074363636363636,0.54mm_IF
0.3967478043912176,-0.10190545454545454,0.54mm_IF
-0.09055758483033932,0.14381818181818182,0.54mm_IF
0.0483244510978044,0.12799818181818182,0.54mm_IF
0.19248562874251496,-0.226,0.54mm_IF
-0.1116741516966068,-0.2958545454545454,0.54mm_IF
-0.2883223552894212,0.2541472727272727,0.54mm_IF
-0.12223243512974052,-0.09122181818181817,0.54mm_IF
0.07512624750499003,-0.03698181818181818,0.54mm_IF
0.025583532934131736,0.25435272727272723,0.54mm_IF
-0.2046682634730539,0.009861818181818182,0.54mm_IF
-0.2871040918163673,0.24757272727272725,0.54mm_IF
-0.09867934131736526,-0.00862909090909091,0.54mm_IF
0.1738055888223553,-0.17484181818181818,0.54mm_IF
0.05076097804391217,0.03225636363636363,0.54mm_IF
-0.3220276447105788,0.21285090909090906,0.54mm_IF
-0.2046682634730539,0.08341454545454545,0.54mm_IF
0.3159363273453094,-0.16128181818181814,0.54mm_IF
0.4300470059880239,-0.16806181818181815,0.54mm_IF
-0.07756277445109781,-0.036570909090909084,0.54mm_IF
-0.25664750499002,0.13190181818181818,0.54mm_IF
0.07187754491017964,-0.13107999999999995,0.54mm_IF
0.2038560878243513,0.14443454545454545,0.54mm_IF
-0.002030439121756487,0.07663454545454547,0.54mm_IF
-0.1539072854291417,-0.20668727272727272,0.54mm_IF
-0.0799993013972056,0.003287272727272727,0.54mm_IF
0.02152265469061876,-0.11135636363636364,0.54mm_IF
0.1372576846307385,0.20381090909090907,0.54mm_IF
0.025583532934131736,0.2220963636363636,0.54mm_IF
-0.2505561876247505,-0.0402690909090909,0.54mm_IF
-0.17177514970059882,0.08916727272727272,0.54mm_IF
0.2570535928143713,0.17402,0.54mm_IF
0.2704544910179641,-0.17525272727272728,0.54mm_IF
-0.35370249500997997,-0.14895454545454545,0.54mm_IF
-0.4816201596806387,0.23051999999999997,0.54mm_IF
0.1530951097804391,0.22805454545454545,0.54mm_IF
0.3532964071856288,-0.01047818181818182,0.54mm_IF
-0.18030299401197605,-0.3022236363636364,0.54mm_IF
-0.3784738522954091,-0.007807272727272727,0.54mm_IF
0.006903493013972056,0.17176,0.54mm_IF
0.13116636726546907,-0.014792727272727272,0.54mm_IF
-0.11979590818363275,0.01931272727272728,0.54mm_IF
-0.10111586826347303,0.13785999999999998,0.54mm_IF
0.1985769461077844,0.15491272727272726,0.54mm_IF
0.15065858283433134,-0.002465454545454545,0.54mm_IF
-0.05360359281437126,-0.08156545454545455,0.54mm_IF
0.1275115768463074,0.004930909090909091,0.54mm_IF
0.19735868263473053,0.0895781818181818,0.54mm_IF
-0.11979590818363275,0.011505454545454544,0.54mm_IF
-0.08284191616766468,0.04807636363636364,0.54mm_IF
0.3955295409181637,0.13087454545454547,0.54mm_IF
0.4166461077844311,-0.05670545454545455,0.54mm_IF
-0.1868003992015968,-0.0022600000000000003,0.54mm_IF
-0.286698003992016,0.1257381818181818,0.54mm_IF
0.27898233532934136,0.12039636363636362,0.54mm_IF
0.2391857285429141,0.04294,0.54mm_IF
-0.2688301397205589,-0.03513272727272727,0.54mm_IF
-0.19086127744510967,0.01992909090909091,0.54mm_IF
0.06781666666666666,0.004314545454545455,0.54mm_IF
-0.030050499001996005,-0.043145454545454535,0.54mm_IF
-0.0467000998003992,0.06430727272727273,0.54mm_IF
0.03695399201596807,0.08978363636363636,0.54mm_IF
-0.09461846307385227,-0.034105454545454536,0.54mm_IF
-0.11817155688622755,0.028969090909090906,0.54mm_IF
0.19817085828343314,0.06944363636363636,0.54mm_IF
0.2217239520958084,-0.021367272727272728,0.54mm_IF
-0.16649600798403194,-0.10930181818181818,0.54mm_IF
-0.11370459081836327,0.17648545454545456,0.54mm_IF
0.2972562874251497,0.12635454545454544,0.54mm_IF
0.1413185628742515,-0.012738181818181815,0.54mm_IF
-0.346799001996008,0.1682672727272727,0.54mm_IF
-0.16243512974051896,-0.03451636363636364,0.54mm_IF
0.2773579840319361,0.08074363636363636,0.54mm_IF
0.03979660678642714,0.048487272727272726,0.54mm_IF
-0.27289101796407184,0.004314545454545455,0.54mm_IF
0.02355309381237525,0.3190709090909091,0.54mm_IF
0.25583532934131736,0.11176727272727273,0.54mm_IF
-0.005685229540918164,-0.043350909090909086,0.54mm_IF
-0.18111516966067864,0.11998545454545452,0.54mm_IF
0.07634451097804391,-0.031639999999999995,0.54mm_IF
0.22943962075848304,-0.15429636363636362,0.54mm_IF
-0.05441576846307385,0.11402727272727273,0.54mm_IF
-0.1396942115768463,0.09553636363636364,0.54mm_IF
0.09096367265469064,-0.003287272727272727,0.54mm_IF
0.0799993013972056,0.06101999999999999,0.54mm_IF
-0.08609061876247505,-0.08464727272727272,0.54mm_IF
-0.05400968063872255,-0.05876,0.54mm_IF
-0.0008121756487025947,-0.07129272727272727,0.54mm_IF
-0.042639221556886216,-0.0918381818181818,0.54mm_IF
-0.06334970059880239,0.06800545454545455,0.54mm_IF
-0.041014870259481036,0.04376181818181818,0.54mm_IF
0.005279141716566866,-0.1148490909090909,0.54mm_IF
-0.016649600798403198,-0.11875272727272725,0.54mm_IF
-0.02680179640718563,0.054856363636363634,0.54mm_IF
0.00040608782435129736,0.021572727272727268,0.54mm_IF
-0.025989620758483042,-0.019518181818181816,0.54mm_IF
-0.0483244510978044,0.1341618181818182,0.54mm_IF
0.019492215568862273,0.12882000000000002,0.54mm_IF
0.0787810379241517,-0.02629818181818181,0.54mm_IF
0.05400968063872255,0.009040000000000001,0.54mm_IF
0.0036547904191616774,0.02383272727272728,0.54mm_IF
-0.04060878243512974,0.032667272727272725,0.54mm_IF
-0.011370459081836329,0.2301090909090909,0.54mm_IF
0.017867864271457083,0.13457272727272726,0.54mm_IF
-0.05238532934131737,0.09101636363636363,0.54mm_IF
-0.0934001996007984,0.09923454545454544,0.54mm_IF
0.002030439121756487,-0.03883090909090909,0.54mm_IF
0.043857485029940114,0.12717636363636362,0.54mm_IF
-0.05847664670658681,0.024654545454545453,0.54mm_IF
-0.051167065868263466,0.017463636363636362,0.54mm_IF
0.11898373253493015,0.18614181818181816,0.54mm_IF
0.2050743512974052,-0.10149454545454543,0.54mm_IF
0.03736007984031936,-0.11341090909090908,0.54mm_IF
-0.15106467065868262,-0.02691454545454545,0.54mm_IF
0.012182634730538922,-0.07129272727272727,0.54mm_IF
0.18476996007984034,0.06389636363636363,0.54mm_IF
0.0028426147704590818,0.1031381818181818,0.54mm_IF
-0.1831456087824352,0.06738909090909091,0.54mm_IF
-0.08365409181636728,0.05321272727272727,0.54mm_IF
0.07593842315369262,-0.03020181818181818,0.54mm_IF
0.011776546906187629,-0.10560363636363636,0.54mm_IF
-0.07228363273453094,-0.02917454545454545,0.54mm_IF
-0.0925880239520958,0.08074363636363636,0.54mm_IF
-0.15350119760479042,0.06122545454545455,0.54mm_IF
-0.12629331337325347,-0.013354545454545456,0.54mm_IF
0.3118754491017964,0.023421818181818186,0.54mm_IF
0.4190826347305389,-0.06410181818181818,0.54mm_IF
-0.4227374251497006,-0.052185454545454535,0.54mm_IF
-0.5189802395209581,0.1949763636363636,0.54mm_IF
0.558370758483034,0.1419690909090909,0.54mm_IF
0.5433455089820359,0.044994545454545454,0.54mm_IF
-0.5555281437125749,-0.052185454545454535,0.54mm_IF
-0.25664750499002,0.11567090909090907,0.54mm_IF
0.7715668662674651,0.034105454545454536,0.54mm_IF
0.5405028942115768,-0.03718727272727273,0.54mm_IF
-0.5003001996007984,0.2044272727272728,0.54mm_IF
-0.7264911177644711,0.1479272727272727,0.54mm_IF
0.32771287425149703,0.2605163636363637,0.54mm_IF
0.7922773453093812,-0.15676181818181814,0.54mm_IF
-0.19654650698602802,-0.13621636363636366,0.54mm_IF
-0.7979625748502993,0.13827090909090908,0.54mm_IF
0.16284121756487027,0.12080727272727272,0.54mm_IF
0.55715249500998,0.15922727272727272,0.54mm_IF
-0.4645644710578842,0.023216363636363632,0.54mm_IF
-0.6452735528942115,0.04109090909090909,0.54mm_IF
0.13685159680638725,-0.22538363636363634,0.54mm_IF
0.2931954091816367,-0.005136363636363636,0.54mm_IF
-0.2233483033932136,0.13087454545454547,0.54mm_IF
-0.13116636726546907,0.021572727272727268,0.54mm_IF
0.2306578842315369,0.18901818181818186,0.54mm_IF
-0.19776477045908186,0.18511454545454545,0.54mm_IF
-0.14375508982035928,0.015614545454545454,0.54mm_IF
0.607507385229541,-0.24634,0.54mm_IF
0.36141816367265467,-0.19888,0.54mm_IF
-0.4812140718562874,0.05074727272727272,0.54mm_IF
-0.09908542914171656,0.0805381818181818,0.54mm_IF
1.0355239520958084,-0.14916,0.54mm_IF
0.554309880239521,-0.10950727272727273,0.54mm_IF
-0.7638511976047904,0.016847272727272728,0.54mm_IF
-0.3837529940119761,0.1914836363636364,0.54mm_IF
0.7597903193612774,-0.03513272727272727,0.54mm_IF
0.4471026946107784,-0.35605272727272724,0.54mm_IF
-0.6598927145708583,0.3724890909090909,0.54mm_IF
-0.4300470059880239,0.2391490909090909,0.54mm_IF
0.4125852295409182,-0.24182,0.54mm_IF
0.11695329341317365,0.08074363636363636,0.54mm_IF
-0.4657827345309382,0.1341618181818182,0.54mm_IF
-0.316748502994012,0.1916890909090909,0.54mm_IF
-0.056446207584830335,-0.001849090909090909,0.54mm_IF
-0.14497335329341318,-0.1247109090909091,0.54mm_IF
-0.13888203592814372,0.17833454545454544,0.54mm_IF
0.0154313373253493,0.41131999999999996,0.54mm_IF
-0.1080193612774451,-0.08834545454545455,0.54mm_IF
-0.20304391217564868,-0.11690363636363635,0.54mm_IF
0.13888203592814372,0.32318,0.54mm_IF
0.39471736526946105,-0.06040363636363636,0.54mm_IF
0.04020269461077845,-0.1189581818181818,0.54mm_IF
-0.24771357285429144,0.004725454545454546,0.54mm_IF
0.16527774451097807,0.0940981818181818,0.54mm_IF
0.4373565868263473,0.09759090909090908,0.54mm_IF
0.11979590818363275,-0.08259272727272728,0.54mm_IF
-0.07309580838323354,-0.06821090909090909,0.54mm_IF
0.02842614770459082,0.06348545454545454,0.54mm_IF
0.1258872255489022,0.039652727272727284,0.54mm_IF
0.06050708582834331,-0.08526363636363636,0.54mm_IF
-0.1104558882235529,-0.0016436363636363634,0.54mm_IF
-0.14781596806387226,-0.010683636363636364,0.54mm_IF
-0.08243582834331338,0.06821090909090909,0.54mm_IF
0.024365269461077844,-0.06307454545454545,0.54mm_IF
0.08406017964071857,-0.19888,0.54mm_IF
-0.1080193612774451,0.17730727272727273,0.54mm_IF
-0.2574596806387225,0.2993472727272727,0.54mm_IF
-0.08974540918163673,0.11402727272727273,0.54mm_IF
0.11898373253493015,-0.09266,0.54mm_IF
0.07228363273453094,0.06821090909090909,0.54mm_IF
-0.13522724550898205,0.16128181818181814,0.54mm_IF
-0.1689325349301397,0.016025454545454544,0.54mm_IF
-0.0032487025948103802,-0.11567090909090907,0.54mm_IF
0.2663936127744511,-0.1329290909090909,0.54mm_IF
0.21319610778443115,0.25291454545454545,0.54mm_IF
-0.3208093812375249,0.06862181818181817,0.54mm_IF
-0.3699460079840319,-0.15306363636363635,0.54mm_IF
0.4332957085828344,-0.014381818181818181,0.54mm_IF
0.5502490019960079,0.2264109090909091,0.54mm_IF
-0.4385748502994012,0.28373272727272725,0.54mm_IF
-0.5628377245508982,0.26606363636363634,0.54mm_IF
0.3874077844311377,0.18758,0.54mm_IF
0.4978636726546906,-0.14258545454545454,0.54mm_IF
-0.35654510978043913,0.1510090909090909,0.54mm_IF
-0.42192524950099797,-0.039241818181818176,0.54mm_IF
0.3894382235528942,-0.2510654545454545,0.54mm_IF
0.5786751497005987,0.0749909090909091,0.54mm_IF
-0.03248702594810378,0.025065454545454544,0.54mm_IF
-0.25542924151696605,0.2186036363636364,0.54mm_IF
0.14984640718562875,0.05013090909090909,0.54mm_IF
0.3301494011976048,-0.2851709090909091,0.54mm_IF
0.08121756487025948,0.0967690909090909,0.54mm_IF
-0.1405063872255489,0.21696,0.54mm_IF
-0.13563333333333333,0.0010272727272727274,0.54mm_IF
-0.124262874251497,-0.07560727272727273,0.54mm_IF
-0.030456586826347307,0.058965454545454536,0.54mm_IF
0.010964371257485029,-0.19744181818181816,0.54mm_IF
-0.24527704590818364,-0.3613945454545455,0.54mm_IF
-0.2631449101796407,-0.08464727272727272,0.54mm_IF
0.08202974051896207,0.0583490909090909,0.54mm_IF
0.1104558882235529,0.2075090909090909,0.54mm_IF
-0.17502385229540918,0.08752363636363636,0.54mm_IF
-0.12791766467065868,0.013149090909090907,0.54mm_IF
0.17786646706586826,0.1374490909090909,0.54mm_IF
0.1409124750499002,0.11525999999999999,0.54mm_IF
-0.1892369261477045,-0.15224181818181814,0.54mm_IF
-0.16487165668662673,0.12060181818181814,0.54mm_IF
0.12060808383233533,0.18984,0.54mm_IF
0.05807055888223552,-0.10005636363636364,0.54mm_IF
-0.06456796407185628,-0.00041090909090909085,0.54mm_IF
0.2038560878243513,-0.12429999999999998,0.54mm_IF
0.3573572854291417,0.03513272727272727,0.54mm_IF
0.03736007984031936,0.3572854545454545,0.54mm_IF
-0.1831456087824352,0.20072909090909088,0.54mm_IF
0.08202974051896207,-0.005341818181818182,0.54mm_IF
0.27857624750499,0.014998181818181815,0.54mm_IF
-0.006903493013972056,0.016847272727272728,0.54mm_IF
-0.25786576846307385,0.023010909090909092,0.54mm_IF
-0.11735938123752496,-0.15203636363636364,0.54mm_IF
0.08649670658682634,-0.13765454545454545,0.54mm_IF
0.02883223552894212,0.24161454545454544,0.54mm_IF
-0.06781666666666666,0.18182727272727275,0.54mm_IF
-0.023959181636726543,-0.1076581818181818,0.54mm_IF
0.060913173652694615,-0.05074727272727272,0.54mm_IF
0.12954201596806386,0.11875272727272725,0.54mm_IF
0.022740918163672654,0.1623090909090909,0.54mm_IF
-0.12872984031936127,-0.03718727272727273,0.54mm_IF
-0.10477065868263473,-0.1713490909090909,0.54mm_IF
0.056446207584830335,-0.012121818181818182,0.54mm_IF
0.06862884231536925,-0.057321818181818175,0.54mm_IF
-0.188424750499002,-0.11156181818181818,0.54mm_IF
-0.3106571856287425,-0.04437818181818182,0.54mm_IF
-0.015025249500998003,-0.04109090909090909,0.54mm_IF
0.2529927145708583,0.2052490909090909,0.54mm_IF
0.09015149700598804,0.18121090909090906,0.54mm_IF
-0.13238463073852294,0.15429636363636362,0.54mm_IF
0.010152195608782435,0.29154,0.54mm_IF
0.30009890219560875,-0.014587272727272728,0.54mm_IF
0.2075108782435129,0.04006363636363637,0.54mm_IF
-0.08812105788423154,0.05033636363636364,0.54mm_IF
-0.11695329341317365,-0.08177090909090909,0.54mm_IF
0.047918363273453085,0.034927272727272723,0.54mm_IF
0.005685229540918164,-0.02629818181818181,0.54mm_IF
-0.08974540918163673,-0.06512909090909091,0.54mm_IF
-0.08771497005988023,0.09923454545454544,0.54mm_IF
-0.02883223552894212,0.15635090909090907,0.54mm_IF
0.044263572854291416,0.027941818181818186,0.54mm_IF
0.09380628742514972,0.2044272727272728,0.54mm_IF
0.30578413173652697,0.1668290909090909,0.54mm_IF
0.3179667664670659,-0.011094545454545454,0.54mm_IF
-0.16487165668662673,0.12902545454545453,0.54mm_IF
-0.6903493013972055,-0.054856363636363634,0.54mm_IF
-0.1530951097804391,-0.14751636363636364,0.54mm_IF
0.7338006986027944,0.021367272727272728,0.54mm_IF
0.07309580838323354,-0.029585454545454543,0.54mm_IF
-1.1366398203592811,0.04684363636363637,0.54mm_IF
-0.3817225548902196,0.19744181818181816,0.54mm_IF
0.7175571856287425,0.032667272727272725,0.54mm_IF
-0.17949081836327346,-0.06019818181818181,0.54mm_IF
-1.368109880239521,-0.018080000000000002,0.54mm_IF
-0.03248702594810378,-0.31229090909090906,0.54mm_IF
2.108814071856288,-0.0452,0.54mm_IF
0.4864932135728543,0.1886072727272728,0.54mm_IF
-1.8083090818363272,0.3190709090909091,0.54mm_IF
-0.25136836327345313,0.3309872727272727,0.54mm_IF
2.147798502994012,-0.2720218181818182,0.54mm_IF
0.6176595808383234,-0.2572290909090909,0.54mm_IF
-1.6625235528942115,-0.07540181818181818,0.54mm_IF
0.02030439121756487,0.4170727272727273,0.54mm_IF
1.8858718562874253,0.11115090909090908,0.54mm_IF
0.4531940119760479,-0.12512181818181814,0.54mm_IF
-1.3303437125748503,-0.02547636363636364,0.54mm_IF
-0.22700309381237524,-0.4107036363636363,0.54mm_IF
0.9307532934131736,-0.2625709090909091,0.54mm_IF
-0.02842614770459082,-0.3373563636363636,0.54mm_IF
-0.7910590818363273,0.5839018181818182,0.54mm_IF
-0.483244510978044,0.3116745454545454,0.54mm_IF
-0.17827255489021954,0.023010909090909092,0.54mm_IF
-0.08933932135728542,0.6093781818181817,0.54mm_IF
0.049542714570858286,-0.011505454545454544,0.54mm_IF
-0.3610120758483034,0.2494218181818182,0.54mm_IF
-0.7378615768463074,0.1939490909090909,0.54mm_IF
-0.08202974051896207,0.2940054545454545,0.54mm_IF
0.6245630738522955,0.15532363636363636,0.54mm_IF
0.11248632734530938,-0.5779436363636363,0.54mm_IF
-0.4247678642714571,-0.3761872727272727,0.54mm_IF
0.3995904191616767,0.07314181818181817,0.54mm_IF
0.7963382235528942,-0.1341618181818182,0.54mm_IF
-0.04060878243512974,-0.2296981818181818,0.54mm_IF
-0.263550998003992,0.4131690909090909,0.54mm_IF
0.594106487025948,0.007190909090909091,0.54mm_IF
0.7045623752495009,-0.2972927272727273,0.54mm_IF
-0.21197784431137728,-0.10519272727272726,0.54mm_IF
-0.26070838323353296,0.17936181818181818,0.54mm_IF
0.2469013972055888,0.3439309090909091,0.54mm_IF
-0.03654790419161677,-0.19004545454545446,0.54mm_IF
-0.4633462075848303,0.06225272727272727,0.54mm_IF
0.025989620758483042,0.29832,0.54mm_IF
0.37278862275449104,-0.1483381818181818,0.54mm_IF
-0.2810127744510978,0.05259636363636363,0.54mm_IF
-0.55715249500998,0.5097327272727272,0.54mm_IF
0.03979660678642714,0.1510090909090909,0.54mm_IF
0.2408100798403193,-0.05937636363636362,0.54mm_IF
-0.2099474051896208,-0.057732727272727276,0.54mm_IF
-0.17583602794411174,0.030407272727272724,0.54mm_IF
0.0032487025948103802,-0.03985818181818182,0.54mm_IF
-0.3407076846307385,-0.503569090909091,0.54mm_IF
-0.2862919161676647,0.01766909090909091,0.54mm_IF
0.2915710578842315,0.21737090909090906,0.54mm_IF
0.2351248502994012,-0.10827454545454546,0.54mm_IF
-0.3630425149700599,0.02034,0.54mm_IF
-0.18436387225548906,0.19723636363636365,0.54mm_IF
0.5201985029940119,0.2288763636363637,0.54mm_IF
0.30212934131736524,-0.07909999999999999,0.54mm_IF
-0.3118754491017964,-0.03020181818181818,0.54mm_IF
0.0458879241516966,0.16970545454545455,0.54mm_IF
0.5226350299401198,-0.061841818181818185,0.54mm_IF
0.0483244510978044,-0.09779636363636364,0.54mm_IF
-0.4166461077844311,0.30468909090909085,0.54mm_IF
-0.0016243512974051895,0.06307454545454545,0.54mm_IF
0.398778243512974,-0.2707890909090909,0.54mm_IF
0.038578343313373266,0.15203636363636364,0.54mm_IF
-0.2274091816367265,0.36981818181818177,0.54mm_IF
0.10558283433133732,0.3069490909090909,0.54mm_IF
0.22497265469061875,-0.13436727272727272,0.54mm_IF
-0.14944031936127744,-0.09101636363636363,0.54mm_IF
-0.2367492015968064,0.10190545454545454,0.54mm_IF
0.12020199600798405,-0.20812545454545453,0.54mm_IF
0.1689325349301397,-0.10642545454545453,0.54mm_IF
-0.1738055888223553,-0.0030818181818181817,0.54mm_IF
-0.23593702594810376,-0.08711272727272727,0.54mm_IF
0.158374251497006,0.027941818181818186,0.54mm_IF
0.20101347305389225,0.1148490909090909,0.54mm_IF
-0.2148204590818364,-0.1721709090909091,0.54mm_IF
-0.2404039920159681,0.07848363636363635,0.54mm_IF
0.08487235528942115,-0.048487272727272726,0.54mm_IF
0.2497440119760479,-0.013149090909090907,0.54mm_IF
-0.1100498003992016,0.3852272727272727,0.54mm_IF
-0.3358346307385229,-0.33221999999999996,0.54mm_IF
0.0925880239520958,-0.001849090909090909,0.54mm_IF
0.27126666666666666,0.3318090909090909,0.54mm_IF
-0.08771497005988023,-0.11341090909090908,0.54mm_IF
-0.30943892215568863,0.06369090909090909,0.54mm_IF
0.024365269461077844,0.15840545454545454,0.54mm_IF
0.4255800399201597,0.08731818181818181,0.54mm_IF
0.24527704590818364,0.17155454545454546,0.54mm_IF
-0.10436457085828342,0.2017563636363636,0.54mm_IF
0.035735728542914166,-0.08320909090909091,0.54mm_IF
0.19410998003992014,0.07683999999999999,0.54mm_IF
0.05807055888223552,0.0895781818181818,0.54mm_IF
-0.0934001996007984,-0.017463636363636362,0.54mm_IF
0.07390798403193613,0.22271272727272728,0.54mm_IF
0.2663936127744511,0.07889454545454545,0.54mm_IF
-0.12629331337325347,0.1325181818181818,0.54mm_IF
-0.33867724550898204,0.25538,0.54mm_IF
-0.008121756487025948,0.07930545454545455,0.54mm_IF
0.21360219560878246,-0.3550254545454545,0.54mm_IF
-0.2550231536926148,0.10046727272727272,0.54mm_IF
-0.5181680638722554,0.2042218181818181,0.54mm_IF
0.13360289421157684,-0.4470690909090909,0.54mm_IF
0.3971538922155689,-0.02218909090909091,0.54mm_IF
0.004060878243512974,-0.22723272727272725,0.54mm_IF
-0.3309615768463074,-0.1454618181818182,0.54mm_IF
0.019492215568862273,-0.003492727272727273,0.54mm_IF
0.3922808383233533,-0.18490909090909088,0.54mm_IF
0.010964371257485029,0.18326545454545454,0.54mm_IF
-0.22862744510978045,0.3131127272727273,0.54mm_IF
0.02355309381237525,0.0678,0.54mm_IF
0.2351248502994012,-0.33612363636363635,0.54mm_IF
0.030456586826347307,0.2323690909090909,0.54mm_IF
-0.12832375249501,0.05136363636363636,0.54mm_IF
-0.10314630738522956,-0.0678,0.54mm_IF
-0.14456726546906187,0.19867454545454544,0.54mm_IF
-0.0950245508982036,-0.028763636363636363,0.54mm_IF
0.030456586826347307,0.2901018181818181,0.54mm_IF
0.06944101796407186,0.02218909090909091,0.54mm_IF
-0.0925880239520958,0.009656363636363637,0.54mm_IF
-0.10111586826347303,0.3394109090909091,0.54mm_IF
0.16243512974051896,0.3601618181818181,0.54mm_IF
0.22700309381237524,0.07560727272727273,0.54mm_IF
-0.05482185628742515,-0.1088909090909091,0.54mm_IF
-0.0966489021956088,0.15039272727272726,0.54mm_IF
0.15025249500998006,-0.12019090909090907,0.54mm_IF
0.0787810379241517,-0.2403818181818181,0.54mm_IF
-0.11492285429141715,-0.021367272727272728,0.54mm_IF
-0.08649670658682634,0.00041090909090909085,0.54mm_IF
0.060913173652694615,0.10252181818181816,0.54mm_IF
0.05482185628742515,-0.02855818181818182,0.54mm_IF
-0.06862884231536925,-0.2664745454545454,0.54mm_IF
-0.02517744510978044,-0.06327999999999999,0.54mm_IF
-0.08162365269461078,0.10190545454545454,0.54mm_IF
-0.24771357285429144,-0.04109090909090909,0.54mm_IF
-0.09949151696606788,-0.04232363636363636,0.54mm_IF
0.13482115768463074,0.023010909090909092,0.54mm_IF
0.06538013972055888,0.045816363636363634,0.54mm_IF
-0.13279071856287425,-0.012121818181818182,0.54mm_IF
-0.07472015968063872,0.14977636363636362,0.54mm_IF
0.10314630738522956,0.13683272727272727,0.54mm_IF
-0.139288123752495,-0.03102363636363636,0.54mm_IF
-0.34720508982035925,0.4107036363636363,0.54mm_IF
0.3187789421157685,0.17566363636363633,0.54mm_IF
0.8450687624750499,-0.2522981818181818,0.54mm_IF
0.004060878243512974,0.11074,0.54mm_IF
-0.5969491017964071,0.07930545454545455,0.54mm_IF
0.387813872255489,-0.08772909090909091,0.54mm_IF
0.9303472055888224,0.16128181818181814,0.54mm_IF
-0.241622255489022,-0.019518181818181816,0.54mm_IF
-0.8085208582834331,-0.1980581818181818,0.54mm_IF
0.399996506986028,0.2461345454545455,0.54mm_IF
0.9737986027944112,0.06944363636363636,0.54mm_IF
0.07350189620758484,-0.1551181818181818,0.54mm_IF
-1.0164378243512973,0.3258509090909091,0.54mm_IF
-0.9015149700598802,0.12203999999999998,0.54mm_IF
0.4917723552894212,-0.15717272727272727,0.54mm_IF
0.8097391217564871,0.03102363636363636,0.54mm_IF
-0.4946149700598802,-0.08875636363636362,0.54mm_IF
-1.2832375249500998,0.07067636363636362,0.54mm_IF
0.019492215568862273,0.19703090909090906,0.54mm_IF
1.2637453093812376,0.07889454545454545,0.54mm_IF
0.0308626746506986,0.12142363636363634,0.54mm_IF
-1.160599001996008,0.14340727272727272,0.54mm_IF
-0.11411067864271456,0.10437090909090907,0.54mm_IF
1.0095343313373253,-0.009245454545454545,0.54mm_IF
0.3606059880239521,-0.00041090909090909085,0.54mm_IF
-0.5632438123752495,0.15963818181818182,0.54mm_IF
-0.10477065868263473,-0.05855454545454545,0.54mm_IF
0.6834458083832335,-0.14484545454545456,0.54mm_IF
0.40608782435129737,-0.025887272727272724,0.54mm_IF
-0.06538013972055888,-0.13642181818181814,0.54mm_IF
-0.03898443113772455,0.03595454545454545,0.54mm_IF
0.15674990019960078,-0.2586672727272727,0.54mm_IF
0.10395848303393214,-0.06410181818181818,0.54mm_IF
-0.06700449101796407,0.20134545454545447,0.54mm_IF
-0.12182634730538924,-0.04766545454545455,0.54mm_IF
-0.2075108782435129,0.1682672727272727,0.54mm_IF
-0.10314630738522956,-0.00020545454545454542,0.54mm_IF
-0.11289241516966067,0.08896181818181817,0.54mm_IF
-0.25461706586826344,0.002670909090909091,0.54mm_IF
-0.2326883233532934,0.03595454545454545,0.54mm_IF
-0.019492215568862273,0.2387381818181818,0.54mm_IF
-0.056446207584830335,0.10334363636363636,0.54mm_IF
-0.34273812375249496,0.3196872727272728,0.54mm_IF
-0.0779688622754491,-0.017052727272727268,0.54mm_IF
0.3939051896207585,-0.2301090909090909,0.54mm_IF
0.25583532934131736,-0.012121818181818182,0.54mm_IF
-0.2298457085828343,-0.026092727272727267,0.54mm_IF
-0.05847664670658681,-0.0940981818181818,0.54mm_IF
0.3874077844311377,0.08793454545454545,0.54mm_IF
0.19370389221556888,0.004314545454545455,0.54mm_IF
-0.19695259481037924,-0.2623654545454545,0.54mm_IF
-0.12304461077844313,-0.017463636363636362,0.54mm_IF
0.24121616766467066,-0.08177090909090909,0.54mm_IF
0.21279001996007985,0.07786727272727273,0.54mm_IF
-0.11248632734530938,0.3891309090909091,0.54mm_IF
-0.22253612774451093,0.14936545454545455,0.54mm_IF
-0.010152195608782435,-0.017052727272727268,0.54mm_IF
0.14781596806387226,0.2465454545454545,0.54mm_IF
0.03979660678642714,0.09697454545454544,0.54mm_IF
-0.1904551896207585,-0.20093454545454545,0.54mm_IF
-0.3748190618762475,0.18737454545454546,0.54mm_IF
-0.08202974051896207,0.1980581818181818,0.54mm_IF
0.26761187624750504,0.04006363636363637,0.54mm_IF
0.06984710578842315,-0.09019454545454544,0.54mm_IF
-0.2075108782435129,-0.18203272727272726,0.54mm_IF
-0.06781666666666666,-0.0583490909090909,0.54mm_IF
0.21644481037924151,0.07540181818181818,0.54mm_IF
0.05847664670658681,0.07971636363636364,0.54mm_IF
-0.2038560878243513,-0.08464727272727272,0.54mm_IF
0.03532964071856288,0.04191272727272728,0.54mm_IF
0.2931954091816367,-0.07190909090909091,0.54mm_IF
0.07309580838323354,-0.18758,0.54mm_IF
-0.07390798403193613,0.06451272727272726,0.54mm_IF
0.12994810379241514,0.049309090909090914,0.54mm_IF
0.07187754491017964,0.0041090909090909095,0.54mm_IF
-0.19532824351297406,0.20216727272727272,0.54mm_IF
-0.06984710578842315,0.14135272727272727,0.54mm_IF
0.2367492015968064,0.057321818181818175,0.54mm_IF
0.1234506986027944,0.1224509090909091,0.54mm_IF
-0.2367492015968064,-0.005547272727272727,0.54mm_IF
-0.17949081836327346,0.2989363636363636,0.54mm_IF
0.15268902195608786,0.28763636363636363,0.54mm_IF
0.11086197604790418,0.029790909090909087,0.54mm_IF
-0.13806986027944113,0.17155454545454546,0.54mm_IF
-0.04913662674650698,0.026503636363636358,0.54mm_IF
0.19451606786427145,0.12820363636363635,0.54mm_IF
0.09827325349301397,0.16189818181818186,0.54mm_IF
-0.08406017964071857,0.08259272727272728,0.54mm_IF
0.11898373253493015,0.05403454545454545,0.54mm_IF
0.2708605788423153,-0.037598181818181815,0.54mm_IF
-0.00934001996007984,-0.07437454545454546,0.54mm_IF
-0.07350189620758484,-0.16703454545454546,0.54mm_IF
0.2290335329341317,-0.1668290909090909,0.54mm_IF
0.2014195608782436,-0.17648545454545456,0.54mm_IF
-0.11695329341317365,0.09615272727272728,0.54mm_IF
-0.14619161676646708,0.02712,0.54mm_IF
0.04548183632734532,-0.08094909090909091,0.54mm_IF
-0.04466966067864271,0.06122545454545455,0.54mm_IF
-0.16284121756487027,-0.10498727272727272,0.54mm_IF
-0.060100998003992025,0.10786363636363636,0.54mm_IF
-0.13522724550898205,0.2557909090909091,0.54mm_IF
-0.24284051896207584,0.04191272727272728,0.54mm_IF
-0.03411137724550898,0.09348181818181817,0.54mm_IF
0.1096437125748503,0.08423636363636364,0.54mm_IF
-0.13522724550898205,-0.15450181818181818,0.54mm_IF
-0.17949081836327346,-0.08526363636363636,0.54mm_IF
0.2038560878243513,-0.01849090909090909,0.54mm_IF
0.2793884231536926,0.02486,0.54mm_IF
-0.09461846307385227,0.17052727272727272,0.54mm_IF
-0.14456726546906187,0.09985090909090907,0.54mm_IF
0.2343126746506986,0.05608909090909092,0.54mm_IF
0.1900491017964072,-0.09964545454545454,0.54mm_IF
-0.12994810379241514,-0.011094545454545454,0.54mm_IF
-0.025989620758483042,0.12265636363636362,0.54mm_IF
0.143349001996008,0.010272727272727272,0.54mm_IF
-0.04873053892215569,0.10560363636363636,0.54mm_IF
-0.14537944111776446,0.03739272727272727,0.54mm_IF
0.09136976047904193,0.053007272727272715,0.54mm_IF
0.03532964071856288,0.002876363636363636,0.54mm_IF
-0.25542924151696605,-0.04972,0.54mm_IF
-0.17542994011976046,0.10334363636363636,0.54mm_IF
0.1258872255489022,0.06697818181818181,0.54mm_IF
-0.002030439121756487,0.08279818181818181,0.54mm_IF
-0.2980684630738523,0.026709090909090908,0.54mm_IF
-0.08852714570858282,-0.019723636363636363,0.54mm_IF
0.1579681636726547,-0.09985090909090907,0.54mm_IF
0.03614181636726547,-0.10108363636363636,0.54mm_IF
-0.12060808383233533,0.04622727272727272,0.54mm_IF
0.041014870259481036,0.0786890909090909,0.54mm_IF
0.13482115768463074,0.061430909090909085,0.54mm_IF
-0.00040608782435129736,-0.061841818181818185,0.54mm_IF
0.0637557884231537,-0.0016436363636363634,0.54mm_IF
0.11938982035928145,-0.0020545454545454547,0.54mm_IF
0.023959181636726543,-0.1261490909090909,0.54mm_IF
-0.03614181636726547,0.004520000000000001,0.54mm_IF
0.049542714570858286,0.09204363636363637,0.54mm_IF
0.0787810379241517,0.012327272727272728,0.54mm_IF
-0.0458879241516966,-0.04951454545454545,0.54mm_IF
-0.049542714570858286,-0.019723636363636363,0.54mm_IF
0.10517674650698602,-0.0565,0.54mm_IF
0.07147145708582832,0.1325181818181818,0.54mm_IF
-0.1746177644710579,0.26277636363636364,0.54mm_IF
-0.09583672654690616,0.1321072727272727,0.54mm_IF
0.11776546906187625,0.2535309090909091,0.54mm_IF
0.011776546906187629,0.11217818181818184,0.54mm_IF
-0.13400898203592815,-0.05033636363636364,0.54mm_IF
-0.01989830339321357,0.04191272727272728,0.54mm_IF
0.1579681636726547,0.004520000000000001,0.54mm_IF
0.08324800399201597,-0.07478545454545454,0.54mm_IF
-0.06172534930139721,0.061430909090909085,0.54mm_IF
0.0929941117764471,0.13929818181818182,0.54mm_IF
0.3281189620758483,-0.11423272727272725,0.54mm_IF
0.10639500998003992,0.1053981818181818,0.54mm_IF
-0.3309615768463074,0.17648545454545456,0.54mm_IF
-0.2915710578842315,0.01849090909090909,0.54mm_IF
0.20548043912175648,0.2617490909090909,0.54mm_IF
0.27410928143712576,0.1125890909090909,0.54mm_IF
-0.4397931137724551,0.03102363636363636,0.54mm_IF
-0.5303506986027944,0.11320545454545455,0.54mm_IF
0.3415198602794411,0.04109090909090909,0.54mm_IF
0.4613157684630738,-0.16128181818181814,0.54mm_IF
-0.4605035928143713,0.08238727272727273,0.54mm_IF
-0.6858823353293413,-0.03739272727272727,0.54mm_IF
0.5072036926147705,-0.2364781818181818,0.54mm_IF
1.0558283433133733,0.3373563636363636,0.54mm_IF
-0.07187754491017964,-0.2691454545454545,0.54mm_IF
-0.8272008982035928,-0.009245454545454545,0.54mm_IF
0.3626364271457086,0.2672963636363636,0.54mm_IF
1.3210036926147704,-0.14464000000000002,0.54mm_IF
-0.17827255489021954,-0.0226,0.54mm_IF
-1.2190756487025949,0.09286545454545453,0.54mm_IF
0.08365409181636728,0.08403090909090909,0.54mm_IF
1.0383665668662674,-0.39118545454545456,0.54mm_IF
-0.07147145708582832,0.15183090909090907,0.54mm_IF
-1.1049649700598805,-0.03307818181818182,0.54mm_IF
-0.1234506986027944,-0.009245454545454545,0.54mm_IF
0.7216180638722555,0.26873454545454545,0.54mm_IF
-0.07553233532934131,-0.04561090909090909,0.54mm_IF
-0.9644585828343312,0.3552309090909091,0.54mm_IF
-0.30212934131736524,0.23175272727272725,0.54mm_IF
0.6566440119760478,-0.1744309090909091,0.54mm_IF
0.1258872255489022,0.08156545454545455,0.54mm_IF
-0.531162874251497,0.5785600000000001,0.54mm_IF
-0.08284191616766468,0.10457636363636363,0.54mm_IF
0.6996893213572855,-0.10950727272727273,0.54mm_IF
0.4401992015968064,0.1224509090909091,0.54mm_IF
-0.27857624750499,0.023627272727272733,0.54mm_IF
-0.02314700598802396,0.043350909090909086,0.54mm_IF
0.6265935129740519,-0.20216727272727272,0.54mm_IF
0.4267983033932136,-0.2245618181818181,0.54mm_IF
-0.2996928143712575,0.06553999999999999,0.54mm_IF
-0.2367492015968064,-0.10478181818181816,0.54mm_IF
0.3078145708582834,-0.3461909090909091,0.54mm_IF
0.2871040918163673,-0.2233290909090909,0.54mm_IF
-0.2355309381237525,0.036570909090909084,0.54mm_IF
-0.4576609780439122,0.08814,0.54mm_IF
-0.21441437125748505,0.05362363636363636,0.54mm_IF
-0.04020269461077845,-0.05444545454545455,0.54mm_IF
-0.027207884231536927,0.17895090909090908,0.54mm_IF
-0.11451676646706585,0.2029890909090909,0.54mm_IF
-0.18273952095808385,-0.06512909090909091,0.54mm_IF
-0.13400898203592815,0.17032181818181816,0.54mm_IF
0.08852714570858282,0.32996,0.54mm_IF
0.08406017964071857,0.1949763636363636,0.54mm_IF
-0.3139058882235529,-0.25969454545454546,0.54mm_IF
-0.286698003992016,-0.18018363636363635,0.54mm_IF
0.19573433133732526,0.2052490909090909,0.54mm_IF
0.30578413173652697,0.13128545454545454,0.54mm_IF
-0.2083230538922156,-0.23668363636363635,0.54mm_IF
-0.3695399201596807,0.04006363636363637,0.54mm_IF
0.2525866267465069,0.2541472727272727,0.54mm_IF
0.5084219560878244,-0.03554363636363636,0.54mm_IF
-0.08162365269461078,-0.054856363636363634,0.54mm_IF
-0.4263922155688623,-0.14320181818181818,0.54mm_IF
0.12629331337325347,0.2572290909090909,0.54mm_IF
0.4726862275449102,0.19703090909090906,0.54mm_IF
-0.013806986027944113,-0.19086727272727272,0.54mm_IF
-0.25461706586826344,-0.0447890909090909,0.54mm_IF
0.21806916167664672,0.20812545454545453,0.54mm_IF
0.3662912175648703,0.11834181818181815,0.54mm_IF
-0.16852644710578846,0.00862909090909091,0.54mm_IF
-0.29116497005988023,0.08218181818181818,0.54mm_IF
0.2075108782435129,-0.09142727272727272,0.54mm_IF
0.15512554890219565,0.00862909090909091,0.54mm_IF
-0.33461636726546906,0.028147272727272733,0.54mm_IF
-0.10274021956087824,0.026709090909090908,0.54mm_IF
0.5104523952095809,0.02116181818181818,0.54mm_IF
0.19451606786427145,0.07704545454545454,0.54mm_IF
-0.7179632734530939,0.17771818181818186,0.54mm_IF
-0.3691338323353293,-0.005341818181818182,0.54mm_IF
0.731770259481038,-0.03883090909090909,0.54mm_IF
0.3971538922155689,-0.02712,0.54mm_IF
-0.8434444111776448,0.15018727272727272,0.54mm_IF
-0.35167205588822353,0.18347090909090907,0.54mm_IF
0.7289276447105789,-0.04972,0.54mm_IF
-0.002030439121756487,-0.1031381818181818,0.54mm_IF
-1.0976553892215568,0.01849090909090909,0.54mm_IF
-0.4020269461077845,-0.29236181818181817,0.54mm_IF
1.6215086826347305,-0.1723763636363636,0.54mm_IF
0.9469968063872256,0.08012727272727273,0.54mm_IF
-1.5768390219560882,0.2459290909090909,0.54mm_IF
-0.742734630738523,0.5076781818181818,0.54mm_IF
2.010946906187625,-0.1469,0.54mm_IF
1.0286204590818364,-0.06369090909090909,0.54mm_IF
-1.8018116766467065,0.01849090909090909,0.54mm_IF
-0.7902469061876247,0.30468909090909085,0.54mm_IF
1.7750098802395209,0.17093818181818182,0.54mm_IF
1.1260815369261477,-0.021778181818181808,0.54mm_IF
-1.2280095808383231,0.23257454545454545,0.54mm_IF
-0.9059819361277446,-0.4439872727272727,0.54mm_IF
0.7890286427145708,-0.11525999999999999,0.54mm_IF
0.7090293413173652,-0.18162181818181816,0.54mm_IF
-0.4889297405189621,0.16477454545454545,0.54mm_IF
-0.806896506986028,0.4131690909090909,0.54mm_IF
-0.19451606786427145,0.015614545454545454,0.54mm_IF
0.3098450099800399,0.2062763636363636,0.54mm_IF
0.3476111776447106,0.16908909090909088,0.54mm_IF
-0.49299061876247496,0.3447527272727272,0.54mm_IF
-0.7597903193612774,-0.1341618181818182,0.54mm_IF
0.1579681636726547,0.25887272727272725,0.54mm_IF
0.5766447105788424,0.3823509090909091,0.54mm_IF
-0.1831456087824352,-0.4684363636363636,0.54mm_IF
-0.497051497005988,-0.2677072727272727,0.54mm_IF
0.4844627744510978,-0.12532727272727273,0.54mm_IF
0.6550196606786427,-0.25764000000000004,0.54mm_IF
-0.3524842315369261,-0.2409981818181818,0.54mm_IF
-0.3955295409181637,0.2650363636363636,0.54mm_IF
0.6801971057884232,-0.12409454545454544,0.54mm_IF
0.5421272455089821,-0.30119636363636365,0.54mm_IF
-0.5287263473053893,0.13313454545454545,0.54mm_IF
-0.2574596806387225,-0.01849090909090909,0.54mm_IF
0.4905540918163673,0.18059454545454545,0.54mm_IF
0.025989620758483042,-0.00020545454545454542,0.54mm_IF
-0.6054769461077844,0.10827454545454546,0.54mm_IF
0.05685229540918164,0.24079272727272724,0.54mm_IF
0.5599951097804391,0.0022600000000000003,0.54mm_IF
-0.1916734530938124,0.008218181818181819,0.54mm_IF
-0.554309880239521,0.5436327272727273,0.54mm_IF
0.04142095808383234,0.38194,0.54mm_IF
0.1530951097804391,-0.2730490909090909,0.54mm_IF
-0.2834493013972056,0.11772545454545455,0.54mm_IF
-0.030050499001996005,0.25969454545454546,0.54mm_IF
0.18436387225548906,-0.07232000000000001,0.54mm_IF
-0.4621279441117765,-0.4104981818181818,0.54mm_IF
-0.5153254491017963,0.06492363636363636,0.54mm_IF
0.4694375249500998,0.27346,0.54mm_IF
0.5599951097804391,-0.15388545454545455,0.54mm_IF
-0.4556305389221557,-0.08978363636363636,0.54mm_IF
-0.4483209580838323,0.18490909090909088,0.54mm_IF
0.6452735528942115,0.2625709090909091,0.54mm_IF
0.5746142714570858,-0.11382181818181818,0.54mm_IF
-0.4458844311377246,-0.09060545454545453,0.54mm_IF
-0.2781701596806387,0.06882727272727272,0.54mm_IF
0.5453759481037924,-0.1284090909090909,0.54mm_IF
0.2899467065868264,-0.24305272727272725,0.54mm_IF
-0.4284226546906187,0.043145454545454535,0.54mm_IF
-0.13888203592814372,0.023627272727272733,0.54mm_IF
0.38091037924151705,-0.35009454545454544,0.54mm_IF
0.07187754491017964,-0.04951454545454545,0.54mm_IF
-0.15918642714570858,0.3702290909090909,0.54mm_IF
0.2233483033932136,0.3157836363636363,0.54mm_IF
0.3074084830339321,-0.04150181818181818,0.54mm_IF
-0.2757336327345309,0.18573090909090906,0.54mm_IF
-0.6001978043912175,0.2564072727272727,0.54mm_IF
-0.06659840319361278,-0.113,0.54mm_IF
0.4304530938123752,-0.03842,0.54mm_IF
-0.02639570858283433,-0.04068,0.54mm_IF
-0.6477100798403194,0.03246181818181818,0.54mm_IF
-0.12385678642714572,0.05321272727272727,0.54mm_IF
0.5965430139720559,0.0895781818181818,0.54mm_IF
0.07350189620758484,-0.05937636363636362,0.54mm_IF
-0.7041562874251497,-0.02239454545454545,0.54mm_IF
-0.3853773453093812,-0.058965454545454536,0.54mm_IF
0.7581659680638723,0.05937636363636362,0.54mm_IF
0.6988771457085828,0.4178945454545455,0.54mm_IF
-0.5100463073852296,-0.06595090909090909,0.54mm_IF
-0.5514672654690619,0.1682672727272727,0.54mm_IF
0.5388785429141716,0.2017563636363636,0.54mm_IF
0.7476076846307386,-0.2722272727272727,0.54mm_IF
-0.3634486027944112,-0.005341818181818182,0.54mm_IF
-0.4954271457085829,0.0452,0.54mm_IF
0.5949186626746508,0.2093581818181818,0.54mm_IF
0.6919736526946108,0.16908909090909088,0.54mm_IF
-0.17989690618762474,-0.06882727272727272,0.54mm_IF
-0.2984745508982036,0.02239454545454545,0.54mm_IF
0.2724849301397205,0.01766909090909091,0.54mm_IF
0.1819273453093813,-0.17648545454545456,0.54mm_IF
-0.2850736526946108,-0.031845454545454545,0.54mm_IF
-0.10598892215568864,0.35256,0.54mm_IF
0.11411067864271456,-0.1088909090909091,0.54mm_IF
-0.19207954091816365,0.010067272727272723,0.54mm_IF
-0.2489318363273453,0.15819999999999998,0.54mm_IF
0.03736007984031936,-0.0967690909090909,0.54mm_IF
-0.0077156686626746514,-0.10806909090909088,0.54mm_IF
-0.3597938123752495,0.22579454545454544,0.54mm_IF
-0.14253682634730538,0.3139345454545454,0.54mm_IF
0.2907588822355289,-0.2816781818181818,0.54mm_IF
0.06903493013972056,-0.08012727272727273,0.54mm_IF
-0.2464953093812375,-0.09142727272727272,0.54mm_IF
-0.007309580838323355,0.02691454545454545,0.54mm_IF
0.3139058882235529,-0.09368727272727273,0.54mm_IF
0.023959181636726543,-0.07622363636363635,0.54mm_IF
-0.1396942115768463,0.20771454545454546,0.54mm_IF
0.18964301397205588,0.10950727272727273,0.54mm_IF
0.2497440119760479,0.03739272727272727,0.54mm_IF
0.00934001996007984,-0.19929090909090907,0.54mm_IF
-0.0629436127744511,0.3794745454545455,0.54mm_IF
0.08609061876247505,0.26606363636363634,0.54mm_IF
0.051167065868263466,-0.13642181818181814,0.54mm_IF
-0.12629331337325347,0.20648181818181816,0.54mm_IF
-0.043857485029940114,0.17484181818181818,0.54mm_IF
0.12304461077844313,-0.1464890909090909,0.54mm_IF
-0.0312687624750499,-0.10437090909090907,0.54mm_IF
-0.2176630738522954,0.3213309090909091,0.54mm_IF
-0.08487235528942115,0.12347818181818182,0.54mm_IF
0.0316748502994012,0.14381818181818182,0.54mm_IF
-0.051573153692614775,0.1573781818181818,0.54mm_IF
-0.1441611776447106,-0.13190181818181818,0.54mm_IF
-0.1246689620758483,0.11279454545454545,0.54mm_IF
-0.07228363273453094,-0.13087454545454547,0.54mm_IF
-0.029644411177644717,-0.12491636363636364,0.54mm_IF
0.016649600798403198,0.01849090909090909,0.54mm_IF
-0.0036547904191616774,-0.04540545454545454,0.54mm_IF
-0.10680109780439123,-0.07848363636363635,0.54mm_IF
-0.03411137724550898,-0.18901818181818186,0.54mm_IF
0.2229422155688623,-0.19867454545454544,0.54mm_IF
0.09461846307385227,-0.12984727272727273,0.54mm_IF
-0.2160387225548902,0.20689272727272728,0.54mm_IF
-0.07390798403193613,-0.0749909090909091,0.54mm_IF
0.21116566866267464,-0.08526363636363636,0.54mm_IF
0.08812105788423154,0.16847272727272727,0.54mm_IF
-0.14537944111776446,-0.026709090909090908,0.54mm_IF
-0.05563403193612775,-0.028969090909090906,0.54mm_IF
0.09867934131736526,0.06862181818181817,0.54mm_IF
0.006903493013972056,0.028969090909090906,0.54mm_IF
-0.26923622754491017,0.20052363636363635,0.54mm_IF
-0.24284051896207584,0.27777454545454544,0.54mm_IF
0.2846675648702595,-0.10827454545454546,0.54mm_IF
0.5092341317365269,0.08752363636363636,0.54mm_IF
-0.17542994011976046,0.26791272727272725,0.54mm_IF
-0.4576609780439122,0.1171090909090909,0.54mm_IF
0.3666973053892216,0.24182,0.54mm_IF
0.7106536926147705,0.18203272727272726,0.54mm_IF
-0.15512554890219565,-0.11854727272727272,0.54mm_IF
-0.4812140718562874,-0.03698181818181818,0.54mm_IF
0.49299061876247496,0.07375818181818182,0.54mm_IF
0.7524807385229542,-0.1008781818181818,0.54mm_IF
0.08893323353293413,0.057732727272727276,0.54mm_IF
-0.7764399201596807,0.11608181818181815,0.54mm_IF
-0.7386737524950099,0.003287272727272727,0.54mm_IF
0.5725838323353294,0.06800545454545455,0.54mm_IF
0.6030404191616766,-0.19929090909090907,0.54mm_IF
-0.7561355289421158,-0.02547636363636364,0.54mm_IF
-1.1504468063872255,0.18162181818181816,0.54mm_IF
0.3411137724550898,-0.08629090909090907,0.54mm_IF
1.029432634730539,0.11423272727272725,0.54mm_IF
-0.4349200598802395,0.07848363636363635,0.54mm_IF
-0.9136976047904192,-0.12409454545454544,0.54mm_IF
0.22375439121756488,0.05444545454545455,0.54mm_IF
0.8397896207584831,0.14731090909090908,0.54mm_IF
0.1539072854291417,-0.03328363636363636,0.54mm_IF
-0.37278862275449104,0.2654472727272727,0.54mm_IF
0.2749214570858283,0.045816363636363634,0.54mm_IF
0.6018221556886227,-0.09553636363636364,0.54mm_IF
0.2326883233532934,0.15532363636363636,0.54mm_IF
0.016649600798403198,0.05403454545454545,0.54mm_IF
0.038578343313373266,-0.11772545454545455,0.54mm_IF
0.10274021956087824,-0.3289327272727272,0.54mm_IF
0.0077156686626746514,0.2342181818181818,0.54mm_IF
-0.10274021956087824,-0.16251454545454544,0.54mm_IF
-0.13157245508982035,-0.033694545454545456,0.54mm_IF
-0.04142095808383234,0.29955272727272725,0.54mm_IF
-0.07350189620758484,-0.07560727272727273,0.54mm_IF
-0.2720788423153693,0.3868709090909091,0.54mm_IF
-0.30497195608782435,0.1284090909090909,0.54mm_IF
-0.03979660678642714,0.03472181818181818,0.54mm_IF
0.05766447105788424,0.1727872727272727,0.54mm_IF
-0.35004770459081835,0.2909236363636364,0.54mm_IF
-0.4028391217564871,0.10971272727272724,0.54mm_IF
0.21400828343313366,-0.20565999999999998,0.54mm_IF
0.5043610778443114,-0.006985454545454546,0.54mm_IF
-0.006903493013972056,-0.07478545454545454,0.54mm_IF
-0.2810127744510978,0.11752,0.54mm_IF
0.12020199600798405,-0.05033636363636364,0.54mm_IF
0.3561390219560878,0.015819999999999997,0.54mm_IF
0.06050708582834331,0.020545454545454544,0.54mm_IF
-0.21157175648702595,-0.2149054545454545,0.54mm_IF
0.0077156686626746514,-0.12039636363636362,0.54mm_IF
0.22375439121756488,-0.2722272727272727,0.54mm_IF
0.1530951097804391,0.07026545454545452,0.54mm_IF
-0.05604011976047904,0.09368727272727273,0.54mm_IF
-0.2326883233532934,-0.1193690909090909,0.54mm_IF
-0.05482185628742515,-0.11279454545454545,0.54mm_IF
0.28751017964071857,0.10437090909090907,0.54mm_IF
0.20345,0.05403454545454545,0.54mm_IF
-0.3187789421157685,-0.053007272727272715,0.54mm_IF
-0.4385748502994012,0.2446963636363637,0.54mm_IF
0.08202974051896207,0.2800345454545454,0.54mm_IF
0.2781701596806387,0.17525272727272728,0.54mm_IF
-0.18395778443113767,-0.21223454545454545,0.54mm_IF
