Drive_End,Fan_End,Label
0.07098415169660678,0.0986181818181818,0.36mm_BF
0.0727709381237525,0.17977272727272728,0.36mm_BF
-0.09128854291417167,0.13169636363636364,0.36mm_BF
-0.13043540918163676,0.2290818181818181,0.36mm_BF
-0.008771497005988024,0.12203999999999998,0.36mm_BF
0.12052686626746507,0.07129272727272727,0.36mm_BF
-0.0976235129740519,0.10375454545454543,0.36mm_BF
-0.2696423153692615,-0.08218181818181818,0.36mm_BF
-0.01997952095808383,0.019723636363636363,0.36mm_BF
0.03443624750499002,-0.03143454545454545,0.36mm_BF
-0.10931884231536927,0.0041090909090909095,0.36mm_BF
-0.14944031936127744,-0.006985454545454546,0.36mm_BF
0.021928742514970057,-0.004520000000000001,0.36mm_BF
0.14960275449101795,0.07334727272727272,0.36mm_BF
0.03362407185628742,-0.10971272727272724,0.36mm_BF
0.00795932135728543,0.00041090909090909085,0.36mm_BF
0.06676083832335329,-0.13847636363636362,0.36mm_BF
0.07829373253493015,-0.07190909090909091,0.36mm_BF
0.06286239520958083,-0.02444909090909091,0.36mm_BF
0.020954131736526948,-0.10909636363636364,0.36mm_BF
-0.09307532934131736,0.1058090909090909,0.36mm_BF
-0.1206893013972056,-0.009040000000000001,0.36mm_BF
0.02046682634730539,0.057116363636363625,0.36mm_BF
0.0042233133732534935,0.04787090909090909,0.36mm_BF
-0.12572479041916165,0.01992909090909091,0.36mm_BF
-0.12783644710578845,-0.07889454545454545,0.36mm_BF
0.03654790419161677,-0.10971272727272724,0.36mm_BF
0.13904447105788426,0.06225272727272727,0.36mm_BF
-0.0282637125748503,-0.036160000000000005,0.36mm_BF
-0.1028214371257485,0.1939490909090909,0.36mm_BF
0.06286239520958083,0.17566363636363633,0.36mm_BF
0.16568383233532935,0.1633363636363636,0.36mm_BF
0.05539037924151697,0.28065090909090906,0.36mm_BF
-0.0445072255489022,0.02712,0.36mm_BF
0.09210071856287426,0.059787272727272724,0.36mm_BF
0.158699121756487,0.027941818181818186,0.36mm_BF
0.06172534930139721,-0.10786363636363636,0.36mm_BF
0.03833469061876248,0.07683999999999999,0.36mm_BF
0.12669940119760478,0.20607090909090908,0.36mm_BF
0.1447297005988024,0.10334363636363636,0.36mm_BF
-0.0050354890219560895,0.14053090909090907,0.36mm_BF
-0.05214167664670659,0.05074727272727272,0.36mm_BF
0.03557329341317365,-0.10848,0.36mm_BF
0.01413185628742515,-0.08649636363636364,0.36mm_BF
-0.10347117764471056,-0.17607454545454546,0.36mm_BF
-0.042720439121756486,-0.13313454545454545,0.36mm_BF
0.009096367265469064,0.03472181818181818,0.36mm_BF
-0.08040538922155689,0.15491272727272726,0.36mm_BF
-0.021279001996007983,0.18511454545454545,0.36mm_BF
0.038821996007984035,0.21901454545454546,0.36mm_BF
0.022740918163672654,0.08362,0.36mm_BF
-0.029238323353293405,-0.052185454545454535,0.36mm_BF
-0.0027613972055888225,-0.012532727272727272,0.36mm_BF
0.09957273453093812,-0.1678563636363636,0.36mm_BF
0.030537804391217564,-0.0606090909090909,0.36mm_BF
-0.05149193612774451,0.0447890909090909,0.36mm_BF
-0.034923552894211576,0.0967690909090909,0.36mm_BF
-0.035248423153692615,0.2471618181818181,0.36mm_BF
-0.0591263872255489,0.12203999999999998,0.36mm_BF
-0.045644271457085835,0.11977999999999996,0.36mm_BF
-0.0064974051896207604,0.02712,0.36mm_BF
0.01916734530938124,-0.07334727272727272,0.36mm_BF
0.0316748502994012,0.0006163636363636364,0.36mm_BF
0.031999720558882234,0.04294,0.36mm_BF
0.034273812375249506,0.07252545454545453,0.36mm_BF
0.04889297405189622,0.10437090909090907,0.36mm_BF
0.0282637125748503,0.23113636363636364,0.36mm_BF
0.02046682634730539,0.14012,0.36mm_BF
0.10314630738522956,0.043145454545454535,0.36mm_BF
0.10948127744510976,-0.04561090909090909,0.36mm_BF
0.047918363273453085,-0.20155090909090906,0.36mm_BF
0.04743105788423154,-0.12101272727272724,0.36mm_BF
0.05539037924151697,-0.09122181818181817,0.36mm_BF
-0.021279001996007983,-0.05013090909090909,0.36mm_BF
-0.09794838323353293,0.13621636363636366,0.36mm_BF
-0.08950175648702595,0.1569672727272727,0.36mm_BF
-0.0659486626746507,0.05855454545454545,0.36mm_BF
-0.029888063872255486,0.1171090909090909,0.36mm_BF
-0.056689860279441125,-0.05074727272727272,0.36mm_BF
-0.02062926147704591,-0.19600363636363635,0.36mm_BF
0.02956319361277445,-0.04746,0.36mm_BF
-0.04077121756487026,-0.09286545454545453,0.36mm_BF
-0.05327872255489022,0.01931272727272728,0.36mm_BF
-0.05587768463073852,0.18121090909090906,0.36mm_BF
-0.08592818363273454,0.1171090909090909,0.36mm_BF
-0.08300435129740519,0.11649272727272725,0.36mm_BF
0.03378650698602795,0.14032545454545453,0.36mm_BF
0.10834423153692617,-0.07396363636363636,0.36mm_BF
0.0222536127744511,-0.15203636363636364,0.36mm_BF
-0.07504502994011976,-0.04129636363636364,0.36mm_BF
-0.02810127744510978,-0.16292545454545454,0.36mm_BF
0.08170487025948102,0.04807636363636364,0.36mm_BF
-0.13059784431137725,0.1824436363636364,0.36mm_BF
-0.2974187225548902,0.07026545454545452,0.36mm_BF
-0.07228363273453094,0.17340363636363634,0.36mm_BF
0.14846570858283434,0.09163272727272727,0.36mm_BF
0.12572479041916165,-0.011505454545454544,0.36mm_BF
0.0094212375249501,-0.0030818181818181817,0.36mm_BF
0.07000954091816368,0.02075090909090909,0.36mm_BF
0.16487165668662673,0.02116181818181818,0.36mm_BF
0.0951869860279441,0.13046363636363634,0.36mm_BF
-0.02062926147704591,0.1781290909090909,0.36mm_BF
0.02615205588822355,0.08074363636363636,0.36mm_BF
0.08771497005988023,0.03205090909090909,0.36mm_BF
0.012182634730538922,-0.11731454545454545,0.36mm_BF
0.05604011976047904,-0.1166981818181818,0.36mm_BF
0.1232882634730539,-0.053418181818181816,0.36mm_BF
0.0505173253493014,-0.014587272727272728,0.36mm_BF
-0.029075888223552893,0.05588363636363637,0.36mm_BF
-0.01461916167664671,0.13457272727272726,0.36mm_BF
-0.021928742514970057,0.20134545454545447,0.36mm_BF
-0.11630355289421156,0.10231636363636364,0.36mm_BF
-0.09632403193612774,-0.01849090909090909,0.36mm_BF
0.04515696606786427,-0.09122181818181817,0.36mm_BF
0.1216639121756487,-0.13005272727272724,0.36mm_BF
-0.02777640718562874,-0.1356,0.36mm_BF
-0.06871005988023952,0.033489090909090906,0.36mm_BF
0.10558283433133732,0.15573454545454546,0.36mm_BF
-0.012832375249500998,0.17710181818181814,0.36mm_BF
-0.18615065868263472,0.22867090909090906,0.36mm_BF
-0.05750203592814372,0.1419690909090909,0.36mm_BF
0.11792790419161678,0.06903272727272727,0.36mm_BF
0.12052686626746507,-0.03862545454545455,0.36mm_BF
0.019492215568862273,-0.1058090909090909,0.36mm_BF
0.002923832335329341,-0.04622727272727272,0.36mm_BF
0.0497051497005988,0.044994545454545454,0.36mm_BF
0.0334616367265469,0.10149454545454543,0.36mm_BF
-0.07748155688622754,0.17484181818181818,0.36mm_BF
-0.10347117764471056,0.1713490909090909,0.36mm_BF
-0.05279141716566866,-0.0022600000000000003,0.36mm_BF
-0.02550231536926148,-0.004520000000000001,0.36mm_BF
0.12101417165668665,-0.07149818181818181,0.36mm_BF
0.1984957285429141,-0.17422545454545454,0.36mm_BF
0.10395848303393214,0.02547636363636364,0.36mm_BF
0.05279141716566866,0.20216727272727272,0.36mm_BF
0.06611109780439121,0.18573090909090906,0.36mm_BF
0.04840566866267465,0.2946218181818181,0.36mm_BF
-0.01981708582834332,0.2397654545454545,0.36mm_BF
-0.06611109780439121,-0.06019818181818181,0.36mm_BF
-0.02404039920159681,-0.0786890909090909,0.36mm_BF
0.013482115768463074,-0.2229181818181818,0.36mm_BF
-0.038821996007984035,-0.2492163636363636,0.36mm_BF
-0.012345069860279442,-0.007601818181818181,0.36mm_BF
0.04840566866267465,0.040885454545454544,0.36mm_BF
-0.03654790419161677,0.16025454545454546,0.36mm_BF
-0.1310851497005988,0.2220963636363636,0.36mm_BF
-0.13319680638722556,0.09635818181818184,0.36mm_BF
-0.06269996007984031,-0.04972,0.36mm_BF
0.024365269461077844,-0.1017,0.36mm_BF
-0.0009746107784431137,-0.2206581818181818,0.36mm_BF
-0.006822275449101796,-0.18573090909090906,0.36mm_BF
0.08852714570858282,0.07211454545454546,0.36mm_BF
0.0573396007984032,0.07971636363636364,0.36mm_BF
-0.062375089820359275,0.2183981818181818,0.36mm_BF
-0.1473286626746507,0.24284727272727274,0.36mm_BF
-0.11987712574850296,0.05177454545454545,0.36mm_BF
0.00048730538922155684,0.06266363636363638,0.36mm_BF
0.01721812375249501,-0.14094181818181814,0.36mm_BF
-0.017705429141716567,-0.18141636363636365,0.36mm_BF
0.002923832335329341,0.012532727272727272,0.36mm_BF
0.07569477045908184,0.029585454545454543,0.36mm_BF
0.05896395209580839,0.18121090909090906,0.36mm_BF
-0.05961369261477046,0.2584618181818182,0.36mm_BF
-0.027613972055888225,0.1374490909090909,0.36mm_BF
0.08544087824351297,0.09553636363636364,0.36mm_BF
0.04645644710578842,-0.01931272727272728,0.36mm_BF
-0.006334970059880239,-0.16189818181818186,0.36mm_BF
0.1317348902195609,-0.0606090909090909,0.36mm_BF
0.2495003592814372,0.028763636363636363,0.36mm_BF
0.14944031936127744,0.023216363636363632,0.36mm_BF
-0.010233413173652695,0.24182,0.36mm_BF
0.016243512974051896,0.24161454545454544,0.36mm_BF
0.058639081836327336,0.0538290909090909,0.36mm_BF
-0.06919736526946108,0.04746,0.36mm_BF
-0.08511600798403192,-0.2296981818181818,0.36mm_BF
0.004548183632734531,-0.3129072727272727,0.36mm_BF
0.02550231536926148,-0.11505454545454545,0.36mm_BF
-0.034273812375249506,-0.08320909090909091,0.36mm_BF
-0.08544087824351297,0.12676545454545454,0.36mm_BF
-0.0779688622754491,0.3157836363636363,0.36mm_BF
-0.1515519760479042,0.2625709090909091,0.36mm_BF
-0.2173382035928144,0.16600727272727273,0.36mm_BF
-0.0873900998003992,0.08546909090909091,0.36mm_BF
0.0737455489021956,-0.15367999999999998,0.36mm_BF
0.08008051896207584,-0.2245618181818181,0.36mm_BF
0.07650694610778443,-0.09122181818181817,0.36mm_BF
0.14814083832335329,-0.11279454545454545,0.36mm_BF
0.14602918163672654,0.10950727272727273,0.36mm_BF
-0.01835516966067864,0.27099454545454543,0.36mm_BF
-0.14278047904191618,0.16189818181818186,0.36mm_BF
-0.05620255489021956,0.1824436363636364,0.36mm_BF
0.02046682634730539,0.11238363636363637,0.36mm_BF
-0.034273812375249506,-0.08855090909090907,0.36mm_BF
0.022740918163672654,-0.1053981818181818,0.36mm_BF
0.11776546906187625,-0.039652727272727284,0.36mm_BF
0.0675730139720559,0.01725818181818182,0.36mm_BF
-0.0037360079840319358,0.2023727272727273,0.36mm_BF
-0.03914686626746506,0.2089472727272728,0.36mm_BF
-0.014944031936127743,0.1551181818181818,0.36mm_BF
-0.02014195608782435,0.1360109090909091,0.36mm_BF
-0.019492215568862273,-0.03842,0.36mm_BF
0.06578622754491018,-0.10293272727272727,0.36mm_BF
0.15610015968063873,-0.11649272727272725,0.36mm_BF
0.13709524950099802,-0.01849090909090909,0.36mm_BF
0.04759349301397205,0.09450909090909093,0.36mm_BF
0.049055409181636735,0.17463636363636362,0.36mm_BF
0.00048730538922155684,0.21408363636363634,0.36mm_BF
-0.05100463073852295,0.07190909090909091,0.36mm_BF
-0.036223033932135724,-0.010683636363636364,0.36mm_BF
0.0016243512974051895,-0.17607454545454546,0.36mm_BF
0.05003001996007984,-0.1931272727272728,0.36mm_BF
0.05344115768463074,-0.16025454545454546,0.36mm_BF
0.06464918163672655,-0.09717999999999999,0.36mm_BF
0.013157245508982037,0.1608709090909091,0.36mm_BF
-0.0994102994011976,0.16210363636363634,0.36mm_BF
-0.22156151696606788,0.2432581818181818,0.36mm_BF
-0.2261097005988024,0.1631309090909091,0.36mm_BF
-0.1028214371257485,-0.029585454545454543,0.36mm_BF
-0.025989620758483042,-0.06101999999999999,0.36mm_BF
-0.008933932135728542,-0.21634363636363635,0.36mm_BF
-0.013157245508982037,-0.1356,0.36mm_BF
0.06318726546906188,-0.003492727272727273,0.36mm_BF
0.05896395209580839,0.14135272727272727,0.36mm_BF
-0.11175536926147704,0.2138781818181818,0.36mm_BF
-0.1406688223552894,0.14012,0.36mm_BF
0.002436526946107784,0.06964909090909091,0.36mm_BF
0.11370459081836327,-0.04622727272727272,0.36mm_BF
0.11272998003992014,-0.09635818181818184,0.36mm_BF
0.0779688622754491,-0.20463272727272727,0.36mm_BF
0.12410043912175647,-0.030612727272727274,0.36mm_BF
0.13449628742514969,0.12820363636363635,0.36mm_BF
0.025664750499002003,0.13683272727272727,0.36mm_BF
-0.036223033932135724,0.2843490909090909,0.36mm_BF
-0.02956319361277445,0.1894290909090909,0.36mm_BF
-0.04337017964071856,0.10478181818181816,0.36mm_BF
-0.010395848303393213,-0.019518181818181816,0.36mm_BF
0.12621209580838322,-0.17525272727272728,0.36mm_BF
0.17851620758483033,-0.06677272727272728,0.36mm_BF
0.08040538922155689,0.0628690909090909,0.36mm_BF
0.0037360079840319358,0.07992181818181819,0.36mm_BF
-0.028751017964071857,0.16806181818181815,0.36mm_BF
-0.08121756487025948,0.2375054545454545,0.36mm_BF
-0.15220171656686626,0.08834545454545455,0.36mm_BF
-0.11484163672654693,0.012121818181818182,0.36mm_BF
0.0094212375249501,-0.1637472727272727,0.36mm_BF
0.08690279441117765,-0.30736,0.36mm_BF
0.09486211576846308,-0.11649272727272725,0.36mm_BF
0.07065928143712576,-0.02547636363636364,0.36mm_BF
0.05847664670658681,0.12183454545454545,0.36mm_BF
-0.0625375249500998,0.3207145454545454,0.36mm_BF
-0.18160247504990013,0.2025781818181818,0.36mm_BF
-0.13157245508982035,0.07149818181818181,0.36mm_BF
-0.029888063872255486,-0.007807272727272727,0.36mm_BF
0.03037536926147705,-0.2138781818181818,0.36mm_BF
0.015106467065868262,-0.2545581818181818,0.36mm_BF
0.04759349301397205,-0.11977999999999996,0.36mm_BF
0.11874007984031935,-0.016025454545454544,0.36mm_BF
0.07228363273453094,0.19127818181818185,0.36mm_BF
-0.0471061876247505,0.3102363636363636,0.36mm_BF
-0.0703344111776447,0.18573090909090906,0.36mm_BF
-0.03833469061876248,0.17093818181818182,0.36mm_BF
-0.047918363273453085,0.0565,0.36mm_BF
0.030050499001996005,-0.12101272727272724,0.36mm_BF
0.10087221556886228,-0.006163636363636363,0.36mm_BF
0.08803984031936128,-0.05567818181818181,0.36mm_BF
0.047918363273453085,0.02116181818181818,0.36mm_BF
0.02517744510978044,0.2882527272727273,0.36mm_BF
0.02533988023952096,0.2309309090909091,0.36mm_BF
-0.04142095808383234,0.1676509090909091,0.36mm_BF
-0.038821996007984035,0.051569090909090905,0.36mm_BF
0.0873900998003992,-0.12512181818181814,0.36mm_BF
0.13043540918163676,-0.1758690909090909,0.36mm_BF
0.00471061876247505,-0.10991818181818183,0.36mm_BF
-0.022740918163672654,-0.004725454545454546,0.36mm_BF
0.06659840319361278,0.1366272727272727,0.36mm_BF
-0.04125852295409182,0.2373,0.36mm_BF
-0.1747801996007984,0.1577890909090909,0.36mm_BF
-0.09729864271457084,0.17648545454545456,0.36mm_BF
0.02533988023952096,-0.018285454545454542,0.36mm_BF
0.021603872255489025,-0.2831163636363636,0.36mm_BF
-0.009746107784431137,-0.21223454545454545,0.36mm_BF
0.0719587624750499,-0.1865527272727273,0.36mm_BF
0.09908542914171656,-0.11361636363636365,0.36mm_BF
-0.04077121756487026,0.08649636363636364,0.36mm_BF
-0.13011053892215568,0.20216727272727272,0.36mm_BF
-0.06269996007984031,0.19271636363636369,0.36mm_BF
-0.06871005988023952,0.19785272727272726,0.36mm_BF
-0.11240510978043912,0.02116181818181818,0.36mm_BF
0.0471061876247505,-0.15655636363636366,0.36mm_BF
0.158374251497006,-0.10334363636363636,0.36mm_BF
0.05100463073852295,-0.17258181818181814,0.36mm_BF
-0.03638546906187625,0.02034,0.36mm_BF
-0.006659840319361277,0.2405872727272728,0.36mm_BF
0.02615205588822355,0.19662000000000002,0.36mm_BF
-0.03281189620758483,0.2097690909090909,0.36mm_BF
-0.07065928143712576,0.11546545454545455,0.36mm_BF
0.04726862275449102,-0.036160000000000005,0.36mm_BF
0.14278047904191618,-0.10498727272727272,0.36mm_BF
0.06399944111776447,-0.08834545454545455,0.36mm_BF
0.005522794411177645,-0.12861454545454545,0.36mm_BF
0.04759349301397205,0.02568181818181818,0.36mm_BF
0.028751017964071857,0.1984690909090909,0.36mm_BF
-0.024527704590818364,0.12347818181818182,0.36mm_BF
-0.011695329341317366,0.1555290909090909,0.36mm_BF
0.053766027944111776,0.059787272727272724,0.36mm_BF
0.12442530938123753,-0.04068,0.36mm_BF
0.12377556886227545,-0.07745636363636363,0.36mm_BF
0.08885201596806389,-0.1193690909090909,0.36mm_BF
0.05214167664670659,-0.02013454545454545,0.36mm_BF
-0.04466966067864271,0.09081090909090908,0.36mm_BF
-0.1655213972055888,0.19703090909090906,0.36mm_BF
-0.18176491017964072,0.16600727272727273,0.36mm_BF
-0.1018468263473054,0.15018727272727272,0.36mm_BF
-0.030700239520958083,0.0678,0.36mm_BF
0.007796886227544909,-0.09964545454545454,0.36mm_BF
0.006172534930139721,-0.10293272727272727,0.36mm_BF
0.03800982035928144,-0.06985454545454545,0.36mm_BF
0.02550231536926148,0.03307818181818182,0.36mm_BF
-0.11874007984031935,0.1035490909090909,0.36mm_BF
-0.1310851497005988,0.1374490909090909,0.36mm_BF
-0.03995904191616766,0.10519272727272726,0.36mm_BF
-0.02842614770459082,0.04129636363636364,0.36mm_BF
-0.04548183632734532,-0.0012327272727272727,0.36mm_BF
-0.03378650698602795,-0.11649272727272725,0.36mm_BF
0.08284191616766468,-0.09738545454545454,0.36mm_BF
0.13400898203592815,-0.06677272727272728,0.36mm_BF
0.01900491017964072,0.009040000000000001,0.36mm_BF
-0.11500407185628744,0.09820727272727273,0.36mm_BF
-0.0565274251497006,0.12306727272727272,0.36mm_BF
0.07991808383233533,0.14710545454545454,0.36mm_BF
0.061887784431137724,0.05115818181818182,0.36mm_BF
0.041745828343313376,0.02568181818181818,0.36mm_BF
0.05409089820359282,-0.04910363636363636,0.36mm_BF
0.12393800399201595,-0.05074727272727272,0.36mm_BF
0.12572479041916165,0.03513272727272727,0.36mm_BF
-0.002923832335329341,0.059992727272727274,0.36mm_BF
-0.049542714570858286,0.2288763636363637,0.36mm_BF
-0.014294291417165669,0.1994963636363636,0.36mm_BF
0.04044634730538922,0.14176363636363634,0.36mm_BF
0.1190649500998004,0.11012363636363637,0.36mm_BF
0.17510506986027946,-0.044994545454545454,0.36mm_BF
0.12718670658682635,-0.06163636363636363,0.36mm_BF
0.07244606786427145,-0.061841818181818185,0.36mm_BF
0.057177165668662676,-0.006163636363636363,0.36mm_BF
0.0188424750499002,0.05691090909090909,0.36mm_BF
-0.0042233133732534935,0.09985090909090907,0.36mm_BF
-0.2262721357285429,0.013765454545454546,0.36mm_BF
-0.35492075848303395,-0.006985454545454546,0.36mm_BF
-0.04012147704590819,-0.006369090909090909,0.36mm_BF
0.01900491017964072,-0.12347818181818182,0.36mm_BF
-0.1448921357285429,-0.01725818181818182,0.36mm_BF
-0.08755253493013973,0.021367272727272728,0.36mm_BF
0.15512554890219565,0.0339,0.36mm_BF
0.23244467065868266,0.07909999999999999,0.36mm_BF
-0.18858718562874247,0.13272363636363635,0.36mm_BF
-0.2036936526946108,0.01849090909090909,0.36mm_BF
0.3133373652694611,0.13868181818181818,0.36mm_BF
0.12280095808383233,0.0749909090909091,0.36mm_BF
-0.3606059880239521,-0.2742818181818182,0.36mm_BF
-0.11272998003992014,0.14135272727272727,0.36mm_BF
0.2644443912175649,-0.10560363636363636,0.36mm_BF
0.1037960479041916,-0.1360109090909091,0.36mm_BF
-0.25112471057884234,0.2950327272727273,0.36mm_BF
-0.008609061876247505,-0.0678,0.36mm_BF
0.35654510978043913,0.06944363636363636,0.36mm_BF
0.08349165668662675,0.054856363636363634,0.36mm_BF
-0.07325824351297405,-0.0741690909090909,0.36mm_BF
0.053928463073852295,0.10930181818181818,0.36mm_BF
0.08073025948103793,0.06512909090909091,0.36mm_BF
0.0021116566866267467,-0.015203636363636362,0.36mm_BF
-0.07991808383233533,0.13025818181818186,0.36mm_BF
-0.005360359281437126,0.2590781818181818,0.36mm_BF
0.0222536127744511,0.05054181818181818,0.36mm_BF
-0.012832375249500998,0.1859363636363636,0.36mm_BF
0.07212119760479042,0.04951454545454545,0.36mm_BF
0.008446626746506987,-0.07129272727272727,0.36mm_BF
-0.02355309381237525,0.04191272727272728,0.36mm_BF
0.16487165668662673,-0.09635818181818184,0.36mm_BF
0.08219217564870257,0.021572727272727268,0.36mm_BF
-0.14099369261477046,-0.031845454545454545,0.36mm_BF
-0.1002224750499002,0.043556363636363636,0.36mm_BF
0.09729864271457084,0.08567454545454545,0.36mm_BF
0.01900491017964072,0.021367272727272728,0.36mm_BF
-0.2058053093812376,0.00020545454545454542,0.36mm_BF
-0.09616159680638722,-0.08403090909090909,0.36mm_BF
0.07943077844311378,-0.05054181818181818,0.36mm_BF
-0.049055409181636735,-0.0786890909090909,0.36mm_BF
-0.2114905389221557,0.043350909090909086,0.36mm_BF
-0.02371552894211577,-0.004520000000000001,0.36mm_BF
0.08073025948103793,0.003492727272727273,0.36mm_BF
-0.05506550898203592,0.09245454545454544,0.36mm_BF
0.0042233133732534935,0.07766181818181818,0.36mm_BF
0.1328719361277445,0.09389272727272728,0.36mm_BF
0.004060878243512974,-0.02444909090909091,0.36mm_BF
-0.149927624750499,-0.06225272727272727,0.36mm_BF
0.04337017964071856,-0.040885454545454544,0.36mm_BF
0.11143049900199599,0.08423636363636364,0.36mm_BF
-0.12133904191616765,0.03225636363636363,0.36mm_BF
-0.12458774451097805,0.07396363636363636,0.36mm_BF
0.19264806387225547,0.1573781818181818,0.36mm_BF
0.2363431137724551,0.055267272727272734,0.36mm_BF
-0.10493309381237524,0.08341454545454545,0.36mm_BF
-0.024690139720558883,0.04889818181818182,0.36mm_BF
0.2587591616766467,0.0470490909090909,0.36mm_BF
0.12718670658682635,0.016025454545454544,0.36mm_BF
-0.15918642714570858,0.08855090909090907,0.36mm_BF
-0.1385571656686627,0.08711272727272727,0.36mm_BF
0.12101417165668665,0.12882000000000002,0.36mm_BF
0.025827185628742515,0.06636181818181817,0.36mm_BF
-0.20872914171656684,-0.03102363636363636,0.36mm_BF
-0.06838518962075849,0.17011636363636362,0.36mm_BF
0.05344115768463074,0.025887272727272724,0.36mm_BF
-0.08170487025948102,0.031229090909090908,0.36mm_BF
-0.1130548502994012,0.05177454545454545,0.36mm_BF
0.03784738522954092,-0.0010272727272727274,0.36mm_BF
0.06659840319361278,-0.05074727272727272,0.36mm_BF
-0.06562379241516966,-0.12224545454545452,0.36mm_BF
-0.009096367265469064,-0.0226,0.36mm_BF
0.1525265868263473,-0.07745636363636363,0.36mm_BF
0.04401992015968064,0.05280181818181818,0.36mm_BF
-0.14602918163672654,0.04068,0.36mm_BF
-0.046943752495009976,0.09964545454545454,0.36mm_BF
0.10395848303393214,0.07129272727272727,0.36mm_BF
0.02517744510978044,-0.05629454545454545,0.36mm_BF
-0.061562914171656685,0.0447890909090909,0.36mm_BF
-0.0038984431137724547,-0.10252181818181816,0.36mm_BF
0.08885201596806389,0.01623090909090909,0.36mm_BF
0.07017197604790419,0.008012727272727272,0.36mm_BF
0.07244606786427145,0.0678,0.36mm_BF
0.11126806387225548,0.19682545454545453,0.36mm_BF
0.05181680638722555,0.09327636363636364,0.36mm_BF
0.0316748502994012,0.16559636363636362,0.36mm_BF
0.0917758483033932,0.033694545454545456,0.36mm_BF
0.10996858283433134,0.006985454545454546,0.36mm_BF
-0.034273812375249506,0.0020545454545454547,0.36mm_BF
-0.0882022754491018,-0.003698181818181818,0.36mm_BF
0.08105512974051897,0.011710909090909093,0.36mm_BF
0.1328719361277445,0.11690363636363635,0.36mm_BF
-0.016243512974051896,0.2642145454545454,0.36mm_BF
-0.1054203992015968,0.11341090909090908,0.36mm_BF
0.05019245508982036,0.1510090909090909,0.36mm_BF
0.1302729740518962,0.07745636363636363,0.36mm_BF
-0.034273812375249506,-0.08012727272727273,0.36mm_BF
-0.1362830738522954,-0.05280181818181818,0.36mm_BF
-0.04840566866267465,-0.07786727272727273,0.36mm_BF
0.024365269461077844,-0.03102363636363636,0.36mm_BF
-0.05847664670658681,0.1257381818181818,0.36mm_BF
-0.024365269461077844,0.07519636363636363,0.36mm_BF
0.0334616367265469,0.007396363636363636,0.36mm_BF
-0.06546135728542915,0.1076581818181818,0.36mm_BF
-0.028913453093812377,-0.09348181818181817,0.36mm_BF
0.08349165668662675,-0.1216290909090909,0.36mm_BF
0.054578203592814366,-0.016025454545454544,0.36mm_BF
-0.12036443113772455,-0.10622000000000001,0.36mm_BF
-0.08966419161676646,-0.012943636363636362,0.36mm_BF
0.0968113373253493,0.12409454545454544,0.36mm_BF
0.0050354890219560895,0.05567818181818181,0.36mm_BF
-0.1489530139720559,0.04910363636363636,0.36mm_BF
-0.07861860279441117,0.10560363636363636,0.36mm_BF
0.0890144510978044,-0.13950363636363636,0.36mm_BF
0.03264946107784431,-0.10704181818181817,0.36mm_BF
-0.11013101796407183,-0.04191272727272728,0.36mm_BF
-0.06919736526946108,-0.05362363636363636,0.36mm_BF
0.05896395209580839,0.1721709090909091,0.36mm_BF
0.0064974051896207604,0.15388545454545455,0.36mm_BF
-0.0934001996007984,0.19785272727272726,0.36mm_BF
0.07683181636726548,0.2555854545454545,0.36mm_BF
0.19752111776447107,0.12799818181818182,0.36mm_BF
0.10736962075848304,-0.013765454545454546,0.36mm_BF
-0.02306578842315369,0.0226,0.36mm_BF
0.01981708582834332,-0.05629454545454545,0.36mm_BF
0.10639500998003992,-0.054856363636363634,0.36mm_BF
-0.0021116566866267467,0.14710545454545454,0.36mm_BF
-0.10265900199600796,0.05567818181818181,0.36mm_BF
-0.06659840319361278,0.17463636363636362,0.36mm_BF
0.032162155688622754,0.05465090909090909,0.36mm_BF
0.007634451097804391,-0.09820727272727273,0.36mm_BF
-0.04320774451097805,-0.021572727272727268,0.36mm_BF
-0.006659840319361277,-0.22250727272727272,0.36mm_BF
-0.00958367265469062,-0.1869636363636364,0.36mm_BF
-0.05782690618762475,-0.014792727272727272,0.36mm_BF
-0.06172534930139721,0.06430727272727273,0.36mm_BF
-0.04044634730538922,0.06923818181818181,0.36mm_BF
-0.05539037924151697,0.17648545454545456,0.36mm_BF
-0.022740918163672654,0.10745272727272727,0.36mm_BF
0.05344115768463074,0.004314545454545455,0.36mm_BF
0.07764399201596807,0.025887272727272724,0.36mm_BF
0.05327872255489022,-0.14402363636363635,0.36mm_BF
0.04093365269461078,-0.009040000000000001,0.36mm_BF
-0.006334970059880239,0.016436363636363638,0.36mm_BF
-0.03898443113772455,0.01356,0.36mm_BF
-0.07488259481037925,0.2301090909090909,0.36mm_BF
-0.09047636726546908,0.1569672727272727,0.36mm_BF
-0.034273812375249506,0.029790909090909087,0.36mm_BF
-0.0316748502994012,0.08218181818181818,0.36mm_BF
0.013482115768463074,0.04746,0.36mm_BF
0.10217169660678643,-0.0990290909090909,0.36mm_BF
0.15496311377245509,0.11690363636363635,0.36mm_BF
0.09372506986027944,0.15902181818181815,0.36mm_BF
0.06107560878243513,0.06574545454545455,0.36mm_BF
0.11126806387225548,0.21921999999999997,0.36mm_BF
0.09388750499001997,0.10067272727272727,0.36mm_BF
0.09989760479041916,-0.0008218181818181817,0.36mm_BF
0.04207069860279442,0.0008218181818181817,0.36mm_BF
0.0196546506986028,-0.12532727272727273,0.36mm_BF
0.05928882235528943,-0.13909272727272726,0.36mm_BF
0.05798934131736527,0.05177454545454545,0.36mm_BF
0.046618882235528944,0.05074727272727272,0.36mm_BF
-0.01997952095808383,0.1166981818181818,0.36mm_BF
-0.09063880239520958,0.2584618181818182,0.36mm_BF
-0.07634451097804391,0.015614545454545454,0.36mm_BF
0.047918363273453085,-0.05958181818181817,0.36mm_BF
