Record Time,ax,ay,az,wx,wy,wz,AngleX,AngleY,AngleZ
2020-06-29 10:52:58,1.0190000000000001,0.41600000000000004,2.329,7.935,-8.301,-1.4040000000000001,4.48,-22.17,-38.7
2020-06-29 10:52:58,1.097,0.42700000000000005,2.311,5.31,-9.766,-1.953,4.6,-22.28,-38.73
2020-06-29 10:52:58,1.091,0.322,2.274,0.8540000000000001,-7.446000000000001,-1.6480000000000001,4.67,-22.38,-38.75
2020-06-29 10:52:58,1.064,0.157,2.241,-4.333,-2.8080000000000003,-0.9159999999999999,4.67,-22.43,-38.77
2020-06-29 10:52:58,1.008,-0.032,2.228,-7.568,3.418,0.0,4.59,-22.43,-38.76
2020-06-29 10:52:58,0.893,-0.07,2.271,-7.751,8.179,0.977,4.45,-22.37,-38.74
2020-06-29 10:52:58,0.797,-0.021,2.3080000000000003,-4.578,9.766,1.709,4.33,-22.27,-38.72
2020-06-29 10:52:58,0.764,0.07,2.334,-0.305,7.568,1.953,4.27,-22.16,-38.69
2020-06-29 10:52:58,0.8170000000000001,0.19899999999999998,2.349,4.5169999999999995,1.709,0.977,4.28,-22.1,-38.68
2020-06-29 10:52:58,0.948,0.32299999999999995,2.351,7.813,-5.005,-0.366,4.37,-22.13,-38.68
2020-06-29 10:52:58,1.038,0.408,2.339,7.568,-9.277000000000001,-1.587,4.49,-22.21,-38.71
2020-06-29 10:52:58,1.085,0.42200000000000004,2.3,4.5169999999999995,-9.583,-1.892,4.6,-22.32,-38.74
2020-06-29 10:52:58,1.1,0.271,2.271,-0.305,-6.7139999999999995,-1.526,4.66,-22.41,-38.76
2020-06-29 10:52:58,1.018,0.158,2.265,-5.249,-1.6480000000000001,-0.6709999999999999,4.64,-22.46,-38.77
2020-06-29 10:52:58,0.9440000000000001,0.032,2.227,-7.874,4.578,0.305,4.55,-22.43,-38.76
2020-06-29 10:52:58,0.879,-0.095,2.294,-7.263,9.033,1.16,4.43,-22.35,-38.74
2020-06-29 10:52:58,0.815,-0.07200000000000001,2.279,-3.906,9.46,1.953,4.31,-22.24,-38.71
2020-06-29 10:52:58,0.773,0.09699999999999999,2.349,0.732,6.226,1.831,4.25,-22.15,-38.69
2020-06-29 10:52:58,0.815,0.27699999999999997,2.363,5.676,0.366,0.8540000000000001,4.28,-22.11,-38.68
2020-06-29 10:52:58,0.9590000000000001,0.39799999999999996,2.355,8.179,-6.348,-0.5489999999999999,4.39,-22.14,-38.69
2020-06-29 10:52:58,1.071,0.428,2.334,6.775,-9.827,-1.587,4.52,-22.24,-38.72
2020-06-29 10:52:58,1.107,0.377,2.286,3.418,-9.094,-1.77,4.63,-22.35,-38.74
2020-06-29 10:52:58,1.082,0.23600000000000002,2.253,-1.587,-5.676,-1.2209999999999999,4.66,-22.43,-38.76
2020-06-29 10:52:58,1.022,0.084,2.2430000000000003,-5.797999999999999,0.0,-0.42700000000000005,4.62,-22.46,-38.77
2020-06-29 10:52:58,0.9259999999999999,-0.006,2.2569999999999997,-7.996,5.797999999999999,0.42700000000000005,4.51,-22.42,-38.75
2020-06-29 10:52:58,0.843,-0.038,2.294,-6.47,9.644,1.4040000000000001,4.39,-22.33,-38.73
2020-06-29 10:52:58,0.778,-0.002,2.327,-2.6860000000000004,9.399,1.892,4.3,-22.22,-38.7
2020-06-29 10:52:58,0.7829999999999999,0.11199999999999999,2.335,1.77,5.005,1.587,4.27,-22.13,-38.68
2020-06-29 10:52:58,0.855,0.261,2.359,6.47,-1.16,0.488,4.31,-22.11,-38.68
2020-06-29 10:52:58,0.976,0.37799999999999995,2.35,8.301,-7.141,-0.9159999999999999,4.42,-22.15,-38.69
2020-06-29 10:52:58,1.068,0.43799999999999994,2.316,6.287000000000001,-9.949,-1.831,4.54,-22.25,-38.72
2020-06-29 10:52:58,1.102,0.39399999999999996,2.301,2.441,-8.545,-1.77,4.64,-22.36,-38.75
2020-06-29 10:52:58,1.091,0.195,2.241,-2.6860000000000004,-4.395,-1.099,4.67,-22.43,-38.77
2020-06-29 10:52:58,0.995,0.06,2.254,-6.7139999999999995,1.709,-0.305,4.6,-22.45,-38.77
2020-06-29 10:52:58,0.88,-0.025,2.2640000000000002,-7.996,7.202000000000001,0.6709999999999999,4.49,-22.39,-38.75
2020-06-29 10:52:58,0.8320000000000001,-0.081,2.281,-5.981,9.827,1.465,4.37,-22.28,-38.73
2020-06-29 10:52:58,0.7829999999999999,-0.022000000000000002,2.33,-1.892,8.728,1.77,4.28,-22.18,-38.7
2020-06-29 10:52:58,0.8,0.152,2.331,3.113,3.6010000000000004,1.3430000000000002,4.25,-22.1,-38.68
2020-06-29 10:52:58,0.892,0.321,2.3819999999999997,7.263,-2.93,0.0,4.32,-22.1,-38.69
2020-06-29 10:52:58,1.02,0.41100000000000003,2.333,8.118,-8.362,-1.3430000000000002,4.44,-22.16,-38.7
2020-06-29 10:52:58,1.101,0.414,2.313,5.676,-10.071,-2.0140000000000002,4.56,-22.27,-38.74
2020-06-29 10:52:58,1.0959999999999999,0.34,2.281,1.16,-7.935,-1.709,4.64,-22.38,-38.77
2020-06-29 10:52:58,1.078,0.15,2.229,-3.7230000000000003,-3.235,-0.977,4.65,-22.44,-38.78
2020-06-29 10:52:58,1.0090000000000001,-0.017,2.2359999999999998,-7.507000000000001,2.8080000000000003,0.0,4.56,-22.45,-38.77
2020-06-29 10:52:58,0.884,-0.042,2.276,-7.69,7.813,0.8540000000000001,4.43,-22.39,-38.76
2020-06-29 10:52:58,0.7979999999999999,-0.018000000000000002,2.313,-4.944,9.888,1.587,4.32,-22.28,-38.73
2020-06-29 10:52:58,0.778,0.036000000000000004,2.316,-0.9159999999999999,7.751,1.892,4.25,-22.17,-38.7
2020-06-29 10:52:58,0.8240000000000001,0.16399999999999998,2.352,4.0889999999999995,2.075,1.16,4.26,-22.12,-38.69
2020-06-29 10:52:58,0.9279999999999999,0.313,2.362,7.751,-4.395,0.0,4.33,-22.13,-38.69
2020-06-29 10:52:58,1.0170000000000001,0.415,2.338,7.874,-8.85,-1.3430000000000002,4.45,-22.21,-38.72
2020-06-29 10:52:58,1.0859999999999999,0.431,2.313,4.944,-9.766,-1.831,4.56,-22.31,-38.74
2020-06-29 10:52:58,1.0959999999999999,0.311,2.272,0.244,-7.141,-1.526,4.64,-22.41,-38.77
2020-06-29 10:52:58,1.037,0.171,2.248,-4.578,-2.0140000000000002,-0.7929999999999999,4.63,-22.46,-38.78
2020-06-29 10:52:58,0.996,-0.025,2.22,-7.813,3.967,0.0,4.54,-22.44,-38.78
2020-06-29 10:52:58,0.903,-0.111,2.287,-7.385,8.545,1.038,4.41,-22.37,-38.75
2020-06-29 10:52:58,0.8,-0.038,2.287,-4.0280000000000005,9.766,1.831,4.29,-22.27,-38.73
2020-06-29 10:52:58,0.754,0.114,2.3609999999999998,0.366,6.897,1.892,4.23,-22.18,-38.7
2020-06-29 10:52:58,0.812,0.257,2.358,5.188,1.16,1.038,4.26,-22.12,-38.69
2020-06-29 10:52:58,0.958,0.354,2.349,7.996,-5.553999999999999,-0.305,4.37,-22.14,-38.7
2020-06-29 10:52:58,1.048,0.397,2.3480000000000003,7.08,-9.338,-1.465,4.49,-22.23,-38.72
2020-06-29 10:52:58,1.09,0.38299999999999995,2.271,3.784,-9.155,-1.77,4.59,-22.34,-38.75
2020-06-29 10:52:58,1.094,0.273,2.274,-0.9159999999999999,-6.165,-1.4040000000000001,4.63,-22.42,-38.77
2020-06-29 10:52:58,1.023,0.125,2.254,-5.432,-0.6709999999999999,-0.61,4.6,-22.46,-38.78
2020-06-29 10:52:58,0.938,0.017,2.248,-8.179,5.005,0.305,4.5,-22.43,-38.77
2020-06-29 10:52:58,0.858,-0.048,2.311,-6.775,9.399,1.2209999999999999,4.39,-22.34,-38.75
2020-06-29 10:52:58,0.79,-0.036000000000000004,2.303,-3.418,9.583,1.831,4.29,-22.23,-38.72
2020-06-29 10:52:58,0.775,0.09699999999999999,2.339,1.16,5.553999999999999,1.6480000000000001,4.24,-22.14,-38.69
2020-06-29 10:52:58,0.8340000000000001,0.26,2.358,6.042000000000001,-0.244,0.61,4.28,-22.11,-38.69
2020-06-29 10:52:58,0.9620000000000001,0.392,2.362,8.24,-6.5920000000000005,-0.7929999999999999,4.38,-22.14,-38.7
2020-06-29 10:52:58,1.058,0.441,2.331,6.531000000000001,-9.827,-1.709,4.51,-22.24,-38.73
2020-06-29 10:52:58,1.111,0.38299999999999995,2.29,2.8689999999999998,-8.789,-1.831,4.61,-22.34,-38.76
2020-06-29 10:52:58,1.087,0.22899999999999998,2.2569999999999997,-2.197,-5.188,-1.2209999999999999,4.65,-22.42,-38.78
2020-06-29 10:52:58,0.99,0.086,2.2430000000000003,-6.165,0.7929999999999999,-0.305,4.6,-22.45,-38.78
2020-06-29 10:52:59,0.9059999999999999,-0.037000000000000005,2.26,-8.118,6.104,0.6709999999999999,4.49,-22.4,-38.77
2020-06-29 10:52:59,0.856,-0.09300000000000001,2.282,-6.287000000000001,9.521,1.526,4.36,-22.3,-38.74
2020-06-29 10:52:59,0.7859999999999999,-0.009000000000000001,2.327,-2.319,8.911,1.953,4.26,-22.2,-38.71
2020-06-29 10:52:59,0.7829999999999999,0.161,2.3409999999999997,2.625,4.272,1.587,4.24,-22.12,-38.69
2020-06-29 10:52:59,0.873,0.29600000000000004,2.378,6.836,-2.075,0.305,4.3,-22.1,-38.69
2020-06-29 10:52:59,1.002,0.38299999999999995,2.331,8.057,-7.874,-1.038,4.41,-22.16,-38.71
2020-06-29 10:52:59,1.08,0.406,2.3280000000000003,5.981,-10.071,-1.831,4.53,-22.27,-38.74
2020-06-29 10:52:59,1.095,0.36700000000000005,2.279,1.953,-8.179,-1.709,4.61,-22.37,-38.76
2020-06-29 10:52:59,1.092,0.162,2.228,-3.174,-3.906,-1.038,4.63,-22.44,-38.78
2020-06-29 10:52:59,0.9940000000000001,0.047,2.26,-6.957999999999999,2.197,-0.183,4.56,-22.46,-38.78
2020-06-29 10:52:59,0.8740000000000001,-0.0,2.262,-7.629,7.385,0.7929999999999999,4.44,-22.4,-38.76
2020-06-29 10:52:59,0.8240000000000001,-0.063,2.3,-5.432,9.766,1.526,4.34,-22.29,-38.74
2020-06-29 10:52:59,0.797,-0.012,2.31,-1.4040000000000001,8.118,1.892,4.25,-22.18,-38.71
2020-06-29 10:52:59,0.8109999999999999,0.154,2.342,3.662,2.8689999999999998,1.2819999999999998,4.24,-22.12,-38.69
2020-06-29 10:52:59,0.898,0.326,2.374,7.629,-3.4789999999999996,0.0,4.31,-22.13,-38.69
2020-06-29 10:52:59,1.011,0.43,2.333,7.874,-8.423,-1.2819999999999998,4.43,-22.19,-38.72
2020-06-29 10:52:59,1.101,0.42200000000000004,2.32,5.127000000000001,-9.949,-1.892,4.55,-22.3,-38.74
2020-06-29 10:52:59,1.107,0.316,2.2680000000000002,0.5489999999999999,-7.507000000000001,-1.6480000000000001,4.63,-22.4,-38.77
2020-06-29 10:52:59,1.065,0.154,2.234,-4.272,-2.502,-0.977,4.62,-22.46,-38.78
2020-06-29 10:52:59,1.013,-0.036000000000000004,2.225,-7.813,3.4789999999999996,0.0,4.54,-22.45,-38.78
2020-06-29 10:52:59,0.8959999999999999,-0.078,2.273,-7.507000000000001,8.362,0.9159999999999999,4.4,-22.39,-38.76
2020-06-29 10:52:59,0.7879999999999999,-0.008,2.319,-4.395,10.01,1.709,4.28,-22.29,-38.74
2020-06-29 10:52:59,0.7609999999999999,0.09,2.334,-0.366,7.446000000000001,1.892,4.22,-22.18,-38.71
2020-06-29 10:52:59,0.8270000000000001,0.20800000000000002,2.356,4.761,1.709,0.977,4.25,-22.12,-38.7
2020-06-29 10:52:59,0.941,0.326,2.354,7.813,-4.944,-0.244,4.33,-22.14,-38.7
2020-06-29 10:52:59,1.0290000000000001,0.391,2.344,7.446000000000001,-9.155,-1.465,4.45,-22.23,-38.73
2020-06-29 10:52:59,1.09,0.405,2.286,4.333,-9.338,-1.831,4.55,-22.32,-38.75
2020-06-29 10:52:59,1.101,0.301,2.29,-0.366,-6.653,-1.465,4.61,-22.42,-38.78
2020-06-29 10:52:59,1.037,0.146,2.237,-4.944,-1.2209999999999999,-0.6709999999999999,4.6,-22.46,-38.78
2020-06-29 10:52:59,0.953,0.013999999999999999,2.249,-7.996,4.761,0.244,4.5,-22.44,-38.78
2020-06-29 10:52:59,0.867,-0.073,2.299,-7.019,9.216000000000001,1.16,4.39,-22.35,-38.76
2020-06-29 10:52:59,0.789,-0.045,2.283,-3.6010000000000004,9.766,1.831,4.28,-22.24,-38.73
2020-06-29 10:52:59,0.763,0.08800000000000001,2.355,0.7929999999999999,6.104,1.6480000000000001,4.22,-22.15,-38.7
2020-06-29 10:52:59,0.836,0.262,2.353,5.797999999999999,0.305,0.61,4.26,-22.1,-38.7
2020-06-29 10:52:59,0.9540000000000001,0.4,2.362,8.118,-6.348,-0.732,4.37,-22.14,-38.71
2020-06-29 10:52:59,1.053,0.43200000000000005,2.346,6.897,-9.705,-1.709,4.5,-22.23,-38.74
2020-06-29 10:52:59,1.109,0.371,2.2769999999999997,3.2960000000000003,-9.033,-1.953,4.6,-22.34,-38.77
2020-06-29 10:52:59,1.074,0.259,2.2769999999999997,-1.77,-5.553999999999999,-1.3430000000000002,4.64,-22.42,-38.79
2020-06-29 10:52:59,1.0,0.1,2.23,-5.859,0.305,-0.488,4.6,-22.45,-38.79
2020-06-29 10:52:59,0.934,-0.035,2.258,-8.179,5.553999999999999,0.42700000000000005,4.49,-22.41,-38.78
2020-06-29 10:52:59,0.8640000000000001,-0.07400000000000001,2.294,-6.836,9.46,1.4040000000000001,4.36,-22.31,-38.76
2020-06-29 10:52:59,0.774,0.006999999999999999,2.323,-2.8080000000000003,9.155,1.892,4.26,-22.21,-38.73
2020-06-29 10:52:59,0.7709999999999999,0.15,2.342,1.953,4.7,1.587,4.24,-22.13,-38.71
2020-06-29 10:52:59,0.8640000000000001,0.27699999999999997,2.364,6.409,-1.4040000000000001,0.488,4.29,-22.1,-38.7
2020-06-29 10:52:59,0.985,0.36700000000000005,2.349,7.996,-7.385,-0.9159999999999999,4.4,-22.15,-38.72
2020-06-29 10:52:59,1.0590000000000002,0.413,2.324,6.165,-9.888,-1.709,4.52,-22.25,-38.75
2020-06-29 10:52:59,1.0959999999999999,0.373,2.283,2.258,-8.484,-1.709,4.6,-22.35,-38.78
2020-06-29 10:52:59,1.078,0.21,2.252,-2.502,-4.395,-1.099,4.63,-22.43,-38.79
2020-06-29 10:52:59,0.981,0.092,2.25,-6.5920000000000005,1.587,-0.244,4.57,-22.44,-38.79
2020-06-29 10:52:59,0.902,-0.024,2.253,-7.935,6.653,0.732,4.47,-22.38,-38.78
2020-06-29 10:52:59,0.855,-0.096,2.294,-5.92,9.766,1.587,4.35,-22.29,-38.75
2020-06-29 10:52:59,0.789,-0.02,2.312,-1.831,8.545,1.953,4.25,-22.19,-38.73
2020-06-29 10:52:59,0.789,0.174,2.343,3.052,3.662,1.526,4.22,-22.12,-38.7
2020-06-29 10:52:59,0.88,0.33,2.376,7.141,-2.625,0.244,4.3,-22.1,-38.7
2020-06-29 10:52:59,1.016,0.401,2.334,7.996,-8.118,-1.038,4.42,-22.16,-38.72
2020-06-29 10:52:59,1.0959999999999999,0.396,2.327,5.249,-9.827,-1.831,4.53,-22.27,-38.75
2020-06-29 10:52:59,1.095,0.324,2.271,0.9159999999999999,-7.69,-1.6480000000000001,4.6,-22.37,-38.78
2020-06-29 10:52:59,1.081,0.154,2.234,-3.6010000000000004,-3.052,-0.977,4.61,-22.43,-38.79
2020-06-29 10:52:59,1.008,0.004,2.2430000000000003,-7.446000000000001,2.93,0.0,4.53,-22.44,-38.79
2020-06-29 10:52:59,0.873,-0.033,2.273,-7.629,8.118,0.9159999999999999,4.4,-22.38,-38.77
2020-06-29 10:52:59,0.792,-0.017,2.3169999999999997,-4.761,9.888,1.6480000000000001,4.29,-22.27,-38.74
2020-06-29 10:52:59,0.784,0.038,2.312,-0.9159999999999999,7.69,1.831,4.22,-22.16,-38.72
2020-06-29 10:52:59,0.8270000000000001,0.165,2.356,4.211,2.136,0.977,4.23,-22.1,-38.7
2020-06-29 10:52:59,0.917,0.32299999999999995,2.356,7.813,-4.456,-0.244,4.31,-22.12,-38.71
2020-06-29 10:52:59,1.021,0.41200000000000003,2.346,7.813,-9.094,-1.465,4.43,-22.2,-38.73
2020-06-29 10:52:59,1.091,0.426,2.311,4.944,-9.705,-1.892,4.54,-22.3,-38.76
2020-06-29 10:52:59,1.104,0.304,2.279,0.0,-7.202000000000001,-1.526,4.61,-22.4,-38.79
2020-06-29 10:52:59,1.052,0.153,2.231,-4.761,-1.953,-0.7929999999999999,4.6,-22.45,-38.79
2020-06-29 10:52:59,0.9790000000000001,0.002,2.237,-7.996,3.967,0.183,4.51,-22.44,-38.79
2020-06-29 10:52:59,0.8759999999999999,-0.081,2.285,-7.263,8.728,1.099,4.38,-22.36,-38.77
2020-06-29 10:52:59,0.7979999999999999,-0.038,2.291,-4.211,9.644,1.831,4.27,-22.26,-38.74
2020-06-29 10:52:59,0.769,0.098,2.35,0.0,6.531000000000001,1.77,4.21,-22.16,-38.72
2020-06-29 10:52:59,0.833,0.252,2.353,5.31,0.8540000000000001,0.7929999999999999,4.24,-22.12,-38.71
2020-06-29 10:52:59,0.9420000000000001,0.373,2.365,7.996,-5.737,-0.5489999999999999,4.34,-22.14,-38.72
2020-06-29 10:52:59,1.047,0.40299999999999997,2.344,7.08,-9.521,-1.587,4.47,-22.23,-38.74
2020-06-29 10:52:59,1.095,0.381,2.28,3.845,-9.216000000000001,-1.77,4.56,-22.34,-38.77
2020-06-29 10:52:59,1.081,0.285,2.29,-0.9159999999999999,-6.104,-1.3430000000000002,4.61,-22.42,-38.79
2020-06-29 10:52:59,1.036,0.107,2.219,-5.249,-0.5489999999999999,-0.6709999999999999,4.59,-22.46,-38.8
2020-06-29 10:52:59,0.9620000000000001,-0.011000000000000001,2.262,-7.996,5.066,0.244,4.49,-22.43,-38.79
2020-06-29 10:52:59,0.857,-0.042,2.298,-6.775,9.521,1.2209999999999999,4.37,-22.35,-38.77
2020-06-29 10:52:59,0.7709999999999999,-0.006,2.306,-3.174,9.583,1.831,4.27,-22.23,-38.74
2020-06-29 10:52:59,0.7709999999999999,0.109,2.343,1.2209999999999999,5.615,1.709,4.23,-22.14,-38.72
2020-06-29 10:52:59,0.857,0.242,2.35,5.92,-0.305,0.732,4.27,-22.1,-38.71
2020-06-29 10:52:59,0.955,0.37799999999999995,2.365,8.179,-6.531000000000001,-0.6709999999999999,4.37,-22.15,-38.73
2020-06-29 10:52:59,1.038,0.429,2.331,6.653,-9.46,-1.587,4.49,-22.24,-38.75
2020-06-29 10:52:59,1.105,0.375,2.296,2.8689999999999998,-8.667,-1.77,4.59,-22.34,-38.78
2020-06-29 10:52:59,1.0759999999999998,0.26,2.2680000000000002,-2.075,-4.944,-1.2819999999999998,4.63,-22.41,-38.79
2020-06-29 10:52:59,1.004,0.10099999999999999,2.233,-6.104,0.9159999999999999,-0.42700000000000005,4.59,-22.43,-38.8
2020-06-29 10:52:59,0.941,-0.054000000000000006,2.26,-8.057,6.226,0.488,4.48,-22.38,-38.79
2020-06-29 10:52:59,0.861,-0.09300000000000001,2.29,-6.47,9.766,1.465,4.35,-22.29,-38.77
2020-06-29 10:52:59,0.763,0.005,2.327,-2.258,8.972000000000001,1.892,4.25,-22.19,-38.74
2020-06-29 10:52:59,0.77,0.177,2.344,2.502,4.395,1.465,4.22,-22.1,-38.72
2020-06-29 10:52:59,0.882,0.29600000000000004,2.37,6.775,-1.892,0.244,4.3,-22.09,-38.72
2020-06-29 10:52:59,1.003,0.377,2.342,8.057,-7.813,-1.038,4.41,-22.14,-38.73
2020-06-29 10:52:59,1.0659999999999998,0.39299999999999996,2.329,5.92,-9.888,-1.831,4.53,-22.25,-38.76
2020-06-29 10:52:59,1.09,0.345,2.281,1.831,-8.179,-1.77,4.6,-22.35,-38.79
2020-06-29 10:52:59,1.072,0.18899999999999997,2.245,-3.052,-3.967,-1.099,4.62,-22.42,-38.8
2020-06-29 10:52:59,0.971,0.086,2.259,-6.897,2.0140000000000002,-0.183,4.55,-22.43,-38.8
2020-06-29 10:53:00,0.8759999999999999,-0.005,2.26,-7.69,7.202000000000001,0.7929999999999999,4.45,-22.36,-38.79
2020-06-29 10:53:00,0.8420000000000001,-0.085,2.303,-5.797999999999999,9.46,1.587,4.33,-22.26,-38.76
2020-06-29 10:53:00,0.804,-0.028999999999999998,2.299,-1.6480000000000001,7.996,1.892,4.24,-22.16,-38.74
2020-06-29 10:53:00,0.8009999999999999,0.17,2.352,3.7230000000000003,2.8080000000000003,1.2819999999999998,4.22,-22.1,-38.72
2020-06-29 10:53:00,0.892,0.344,2.37,7.568,-3.54,0.0,4.3,-22.1,-38.72
2020-06-29 10:53:00,1.021,0.434,2.343,8.057,-8.728,-1.2819999999999998,4.43,-22.18,-38.74
2020-06-29 10:53:00,1.09,0.415,2.326,5.371,-10.01,-1.831,4.55,-22.28,-38.77
2020-06-29 10:53:00,1.103,0.299,2.265,0.6709999999999999,-7.629,-1.526,4.62,-22.38,-38.79
2020-06-29 10:53:00,1.065,0.14800000000000002,2.2319999999999998,-4.0280000000000005,-2.747,-0.977,4.61,-22.44,-38.81
2020-06-29 10:53:00,0.997,0.008,2.2359999999999998,-7.568,3.052,0.0,4.53,-22.44,-38.8
2020-06-29 10:53:00,0.884,-0.045,2.269,-7.324,8.179,0.977,4.41,-22.38,-38.79
2020-06-29 10:53:00,0.8059999999999999,-0.013000000000000001,2.316,-4.638999999999999,9.705,1.77,4.3,-22.27,-38.76
2020-06-29 10:53:00,0.784,0.063,2.316,-0.732,7.385,1.953,4.24,-22.17,-38.73
2020-06-29 10:53:00,0.831,0.201,2.355,4.578,1.831,1.038,4.25,-22.12,-38.72
2020-06-29 10:53:00,0.922,0.33299999999999996,2.359,7.69,-4.5169999999999995,-0.183,4.33,-22.14,-38.73
2020-06-29 10:53:00,1.024,0.402,2.344,7.507000000000001,-9.033,-1.465,4.45,-22.21,-38.75
2020-06-29 10:53:00,1.078,0.413,2.309,4.638999999999999,-9.216000000000001,-1.831,4.56,-22.31,-38.78
2020-06-29 10:53:00,1.104,0.294,2.29,-0.305,-6.653,-1.465,4.62,-22.4,-38.8
2020-06-29 10:53:00,1.062,0.126,2.221,-4.944,-1.465,-0.7929999999999999,4.6,-22.45,-38.81
2020-06-29 10:53:00,0.966,0.027000000000000003,2.265,-7.813,4.456,0.183,4.51,-22.43,-38.8
2020-06-29 10:53:00,0.8490000000000001,-0.043,2.29,-6.957999999999999,9.338,1.099,4.39,-22.35,-38.78
2020-06-29 10:53:00,0.7879999999999999,-0.038,2.293,-3.845,9.766,1.77,4.29,-22.24,-38.75
2020-06-29 10:53:00,0.779,0.07400000000000001,2.34,0.366,6.47,1.6480000000000001,4.24,-22.14,-38.73
2020-06-29 10:53:00,0.8420000000000001,0.24600000000000002,2.35,5.676,0.6709999999999999,0.7929999999999999,4.26,-22.09,-38.72
2020-06-29 10:53:00,0.932,0.39,2.374,8.179,-5.737,-0.5489999999999999,4.37,-22.13,-38.73
2020-06-29 10:53:00,1.042,0.43200000000000005,2.3369999999999997,7.019,-9.521,-1.587,4.49,-22.21,-38.76
2020-06-29 10:53:00,1.1,0.373,2.298,3.4789999999999996,-8.972000000000001,-1.77,4.6,-22.31,-38.78
2020-06-29 10:53:00,1.089,0.267,2.282,-1.465,-5.737,-1.2819999999999998,4.64,-22.4,-38.8
2020-06-29 10:53:00,1.036,0.079,2.215,-5.797999999999999,-0.183,-0.488,4.6,-22.43,-38.81
2020-06-29 10:53:00,0.956,-0.03,2.273,-8.179,5.371,0.488,4.49,-22.4,-38.8
2020-06-29 10:53:00,0.836,-0.039,2.292,-6.531000000000001,9.644,1.465,4.37,-22.31,-38.78
2020-06-29 10:53:00,0.759,0.012,2.329,-2.8689999999999998,9.216000000000001,1.953,4.27,-22.2,-38.75
2020-06-29 10:53:00,0.784,0.121,2.338,1.526,5.005,1.6480000000000001,4.24,-22.11,-38.73
2020-06-29 10:53:00,0.879,0.245,2.352,6.287000000000001,-1.2209999999999999,0.488,4.29,-22.09,-38.72
2020-06-29 10:53:00,0.9670000000000001,0.376,2.362,8.301,-7.263,-0.9159999999999999,4.39,-22.14,-38.74
2020-06-29 10:53:00,1.045,0.423,2.322,6.47,-9.888,-1.77,4.52,-22.24,-38.77
2020-06-29 10:53:00,1.093,0.366,2.2969999999999997,2.625,-8.728,-1.77,4.61,-22.34,-38.79
2020-06-29 10:53:00,1.067,0.258,2.262,-2.502,-4.883,-1.16,4.63,-22.41,-38.8
2020-06-29 10:53:00,0.995,0.092,2.238,-6.47,1.099,-0.42700000000000005,4.59,-22.43,-38.81
2020-06-29 10:53:00,0.9440000000000001,-0.06,2.248,-8.057,6.287000000000001,0.61,4.48,-22.38,-38.8
2020-06-29 10:53:00,0.865,-0.098,2.287,-6.226,9.644,1.526,4.35,-22.29,-38.77
2020-06-29 10:53:00,0.772,0.004,2.327,-2.0140000000000002,8.728,1.892,4.25,-22.19,-38.74
2020-06-29 10:53:00,0.77,0.193,2.346,2.8689999999999998,3.906,1.526,4.24,-22.12,-38.73
2020-06-29 10:53:00,0.8909999999999999,0.315,2.369,6.957999999999999,-2.441,0.244,4.31,-22.1,-38.73
2020-06-29 10:53:00,1.014,0.392,2.343,8.118,-8.057,-1.038,4.43,-22.16,-38.74
2020-06-29 10:53:00,1.068,0.391,2.323,5.797999999999999,-9.766,-1.831,4.54,-22.26,-38.77
2020-06-29 10:53:00,1.089,0.321,2.271,1.526,-7.874,-1.6480000000000001,4.62,-22.36,-38.79
2020-06-29 10:53:00,1.074,0.179,2.255,-3.3569999999999998,-3.4789999999999996,-1.038,4.63,-22.43,-38.81
2020-06-29 10:53:00,0.985,0.057,2.2430000000000003,-7.141,2.441,-0.183,4.55,-22.43,-38.81
2020-06-29 10:53:00,0.8859999999999999,-0.008,2.267,-7.446000000000001,7.629,0.8540000000000001,4.44,-22.37,-38.79
2020-06-29 10:53:00,0.828,-0.055999999999999994,2.318,-5.249,9.827,1.587,4.33,-22.26,-38.77
2020-06-29 10:53:00,0.799,-0.01,2.29,-1.526,7.996,1.953,4.25,-22.16,-38.74
2020-06-29 10:53:00,0.805,0.174,2.365,3.967,2.8689999999999998,1.2209999999999999,4.24,-22.1,-38.73
2020-06-29 10:53:00,0.9009999999999999,0.33799999999999997,2.3609999999999998,7.629,-3.6010000000000004,0.0,4.32,-22.1,-38.73
2020-06-29 10:53:00,1.021,0.43200000000000005,2.333,7.813,-8.728,-1.2819999999999998,4.44,-22.18,-38.75
2020-06-29 10:53:00,1.083,0.42,2.34,5.066,-9.705,-1.831,4.56,-22.29,-38.78
2020-06-29 10:53:00,1.111,0.285,2.2569999999999997,0.305,-7.324,-1.526,4.63,-22.38,-38.8
2020-06-29 10:53:00,1.052,0.151,2.242,-4.578,-2.319,-0.8540000000000001,4.61,-22.43,-38.81
2020-06-29 10:53:00,0.971,0.027999999999999997,2.246,-7.568,3.662,0.0,4.53,-22.42,-38.81
2020-06-29 10:53:00,0.882,-0.062,2.265,-7.324,8.606,0.977,4.41,-22.35,-38.79
2020-06-29 10:53:00,0.812,-0.05,2.306,-4.5169999999999995,9.644,1.77,4.3,-22.25,-38.77
2020-06-29 10:53:00,0.7829999999999999,0.068,2.3369999999999997,-0.366,7.08,1.831,4.23,-22.15,-38.74
2020-06-29 10:53:00,0.823,0.233,2.353,5.066,1.465,0.8540000000000001,4.25,-22.1,-38.73
2020-06-29 10:53:00,0.9279999999999999,0.361,2.3609999999999998,7.996,-5.066,-0.488,4.35,-22.12,-38.74
2020-06-29 10:53:00,1.036,0.413,2.342,7.263,-9.338,-1.587,4.47,-22.2,-38.76
2020-06-29 10:53:00,1.084,0.385,2.306,4.333,-9.399,-1.892,4.58,-22.31,-38.79
2020-06-29 10:53:00,1.0959999999999999,0.271,2.271,-0.488,-6.409,-1.465,4.63,-22.4,-38.81
2020-06-29 10:53:00,1.04,0.111,2.2359999999999998,-5.249,-1.2819999999999998,-0.732,4.6,-22.44,-38.82
2020-06-29 10:53:00,0.951,0.035,2.254,-7.813,4.578,0.0,4.51,-22.42,-38.81
2020-06-29 10:53:00,0.8420000000000001,-0.028999999999999998,2.29,-6.7139999999999995,9.155,1.16,4.4,-22.34,-38.79
2020-06-29 10:53:00,0.792,-0.042,2.305,-3.662,9.338,1.831,4.3,-22.22,-38.77
2020-06-29 10:53:00,0.7959999999999999,0.069,2.33,0.61,5.859,1.709,4.25,-22.13,-38.74
2020-06-29 10:53:00,0.845,0.25,2.352,5.797999999999999,0.0,0.732,4.27,-22.1,-38.74
2020-06-29 10:53:00,0.938,0.39799999999999996,2.373,8.179,-6.104,-0.6709999999999999,4.38,-22.13,-38.75
2020-06-29 10:53:00,1.047,0.444,2.318,6.7139999999999995,-9.583,-1.6480000000000001,4.5,-22.22,-38.78
2020-06-29 10:53:00,1.104,0.37,2.313,3.113,-8.911,-1.831,4.61,-22.32,-38.8
2020-06-29 10:53:00,1.092,0.258,2.267,-1.831,-5.31,-1.3430000000000002,4.64,-22.4,-38.82
2020-06-29 10:53:00,1.035,0.053,2.2119999999999997,-5.981,0.305,-0.61,4.6,-22.43,-38.83
2020-06-29 10:53:00,0.953,-0.039,2.272,-8.179,5.737,0.305,4.49,-22.4,-38.82
2020-06-29 10:53:00,0.8320000000000001,-0.026000000000000002,2.285,-6.348,9.888,1.3430000000000002,4.36,-22.31,-38.8
2020-06-29 10:53:00,0.752,0.018000000000000002,2.331,-2.6860000000000004,9.338,1.831,4.27,-22.19,-38.77
2020-06-29 10:53:00,0.79,0.127,2.334,1.6480000000000001,5.005,1.6480000000000001,4.24,-22.1,-38.75
2020-06-29 10:53:00,0.884,0.261,2.355,6.226,-1.038,0.5489999999999999,4.29,-22.08,-38.74
2020-06-29 10:53:00,0.972,0.381,2.354,8.118,-7.08,-0.732,4.4,-22.13,-38.75
2020-06-29 10:53:00,1.048,0.43,2.32,6.226,-9.583,-1.587,4.52,-22.23,-38.78
2020-06-29 10:53:00,1.089,0.371,2.3,2.197,-8.301,-1.6480000000000001,4.61,-22.32,-38.8
2020-06-29 10:53:00,1.067,0.237,2.263,-2.8080000000000003,-4.456,-1.038,4.63,-22.4,-38.82
2020-06-29 10:53:00,0.9890000000000001,0.081,2.239,-6.775,1.6480000000000001,-0.305,4.58,-22.41,-38.82
2020-06-29 10:53:00,0.925,-0.048,2.256,-8.118,6.775,0.6709999999999999,4.47,-22.35,-38.81
2020-06-29 10:53:00,0.8540000000000001,-0.1,2.292,-6.226,9.766,1.587,4.34,-22.26,-38.78
2020-06-29 10:53:00,0.7809999999999999,-0.011000000000000001,2.315,-2.136,8.789,1.831,4.24,-22.15,-38.75
2020-06-29 10:53:00,0.78,0.18100000000000002,2.351,2.991,3.967,1.4040000000000001,4.22,-22.08,-38.74
2020-06-29 10:53:00,0.894,0.32799999999999996,2.3680000000000003,6.957999999999999,-2.563,0.0,4.29,-22.07,-38.74
2020-06-29 10:53:00,1.0170000000000001,0.409,2.3409999999999997,7.813,-8.057,-1.2209999999999999,4.41,-22.13,-38.76
2020-06-29 10:53:00,1.079,0.391,2.324,5.492999999999999,-9.766,-1.892,4.53,-22.24,-38.79
2020-06-29 10:53:00,1.093,0.309,2.263,1.16,-7.69,-1.587,4.6,-22.34,-38.81
2020-06-29 10:53:00,1.0590000000000002,0.175,2.26,-3.6010000000000004,-3.113,-0.977,4.6,-22.4,-38.83
2020-06-29 10:53:00,0.993,0.028999999999999998,2.229,-7.446000000000001,2.747,0.0,4.53,-22.4,-38.83
2020-06-29 10:53:00,0.9,-0.027999999999999997,2.262,-7.568,7.874,0.8540000000000001,4.41,-22.34,-38.81
2020-06-29 10:53:00,0.8190000000000001,-0.047,2.3209999999999997,-5.249,9.888,1.6480000000000001,4.29,-22.23,-38.78
2020-06-29 10:53:00,0.792,0.015,2.295,-1.2209999999999999,7.874,1.892,4.21,-22.13,-38.75
2020-06-29 10:53:00,0.8079999999999999,0.17600000000000002,2.363,3.967,2.563,1.16,4.21,-22.07,-38.74
2020-06-29 10:53:01,0.9179999999999999,0.331,2.352,7.507000000000001,-4.0280000000000005,-0.183,4.29,-22.08,-38.74
2020-06-29 10:53:01,1.0290000000000001,0.425,2.342,7.751,-8.789,-1.4040000000000001,4.41,-22.16,-38.77
2020-06-29 10:53:01,1.083,0.42100000000000004,2.329,4.944,-9.583,-1.831,4.53,-22.26,-38.79
2020-06-29 10:53:01,1.099,0.289,2.265,0.0,-7.08,-1.526,4.59,-22.35,-38.82
2020-06-29 10:53:01,1.0390000000000001,0.161,2.258,-4.638999999999999,-2.075,-0.8540000000000001,4.58,-22.41,-38.83
2020-06-29 10:53:01,0.968,0.023,2.2319999999999998,-7.69,3.906,0.0,4.5,-22.39,-38.83
2020-06-29 10:53:01,0.884,-0.071,2.271,-7.385,8.667,0.9159999999999999,4.38,-22.32,-38.81
2020-06-29 10:53:01,0.815,-0.055999999999999994,2.3040000000000003,-4.456,9.705,1.77,4.26,-22.21,-38.78
2020-06-29 10:53:01,0.7809999999999999,0.07200000000000001,2.3280000000000003,-0.244,7.141,1.831,4.19,-22.12,-38.75
2020-06-29 10:53:01,0.815,0.248,2.363,4.883,1.526,0.977,4.21,-22.07,-38.74
2020-06-29 10:53:01,0.9390000000000001,0.376,2.356,7.813,-5.127000000000001,-0.42700000000000005,4.31,-22.08,-38.75
2020-06-29 10:53:01,1.052,0.418,2.34,7.141,-9.155,-1.526,4.44,-22.17,-38.78
2020-06-29 10:53:01,1.085,0.382,2.305,3.967,-9.155,-1.831,4.54,-22.27,-38.8
2020-06-29 10:53:01,1.089,0.261,2.273,-0.8540000000000001,-6.042000000000001,-1.465,4.59,-22.36,-38.83
2020-06-29 10:53:01,1.0290000000000001,0.115,2.237,-5.492999999999999,-0.8540000000000001,-0.732,4.56,-22.4,-38.83
2020-06-29 10:53:01,0.941,0.042,2.261,-7.874,4.944,0.183,4.47,-22.37,-38.83
2020-06-29 10:53:01,0.8440000000000001,-0.026000000000000002,2.289,-6.957999999999999,9.521,1.16,4.36,-22.28,-38.8
2020-06-29 10:53:01,0.7979999999999999,-0.048,2.302,-3.845,9.521,1.831,4.26,-22.16,-38.78
2020-06-29 10:53:01,0.799,0.065,2.331,0.61,6.104,1.709,4.2,-22.08,-38.75
2020-06-29 10:53:01,0.836,0.249,2.355,5.676,0.366,0.7929999999999999,4.22,-22.04,-38.75
2020-06-29 10:53:01,0.937,0.396,2.362,8.057,-6.104,-0.5489999999999999,4.33,-22.08,-38.76
2020-06-29 10:53:01,1.055,0.442,2.3280000000000003,6.7139999999999995,-9.583,-1.587,4.45,-22.16,-38.78
2020-06-29 10:53:01,1.101,0.379,2.313,3.174,-8.85,-1.77,4.56,-22.27,-38.81
2020-06-29 10:53:01,1.092,0.239,2.265,-1.831,-5.31,-1.16,4.59,-22.35,-38.83
2020-06-29 10:53:01,1.043,0.037000000000000005,2.22,-6.226,0.244,-0.488,4.55,-22.38,-38.83
2020-06-29 10:53:01,0.943,-0.02,2.267,-8.24,5.737,0.366,4.43,-22.35,-38.82
2020-06-29 10:53:01,0.816,-0.01,2.292,-6.409,9.888,1.3430000000000002,4.31,-22.26,-38.8
2020-06-29 10:53:01,0.757,0.01,2.331,-2.8080000000000003,9.155,1.831,4.22,-22.14,-38.77
2020-06-29 10:53:01,0.802,0.11199999999999999,2.3280000000000003,1.465,4.761,1.526,4.19,-22.06,-38.75
2020-06-29 10:53:01,0.883,0.251,2.356,6.165,-1.2819999999999998,0.366,4.24,-22.03,-38.75
2020-06-29 10:53:01,0.97,0.38,2.355,8.24,-7.141,-0.977,4.34,-22.09,-38.77
2020-06-29 10:53:01,1.054,0.434,2.31,6.226,-9.766,-1.709,4.46,-22.19,-38.79
2020-06-29 10:53:01,1.09,0.381,2.3080000000000003,2.319,-8.484,-1.709,4.55,-22.29,-38.81
2020-06-29 10:53:01,1.065,0.24100000000000002,2.262,-2.6860000000000004,-4.456,-1.099,4.58,-22.36,-38.83
2020-06-29 10:53:01,1.006,0.06,2.2359999999999998,-6.7139999999999995,1.465,-0.366,4.53,-22.37,-38.84
2020-06-29 10:53:01,0.934,-0.061,2.2569999999999997,-8.118,6.653,0.6709999999999999,4.42,-22.32,-38.82
2020-06-29 10:53:01,0.848,-0.083,2.286,-6.165,9.766,1.587,4.29,-22.23,-38.8
2020-06-29 10:53:01,0.7659999999999999,0.004,2.327,-2.075,8.789,1.953,4.19,-22.13,-38.77
2020-06-29 10:53:01,0.7809999999999999,0.177,2.347,2.747,3.967,1.526,4.17,-22.05,-38.75
2020-06-29 10:53:01,0.899,0.319,2.364,6.836,-2.441,0.244,4.24,-22.03,-38.75
2020-06-29 10:53:01,1.01,0.39399999999999996,2.349,7.751,-7.874,-1.099,4.36,-22.1,-38.77
2020-06-29 10:53:01,1.081,0.397,2.307,5.676,-9.644,-1.77,4.48,-22.2,-38.79
2020-06-29 10:53:01,1.087,0.335,2.275,1.4040000000000001,-7.751,-1.6480000000000001,4.55,-22.3,-38.82
2020-06-29 10:53:01,1.06,0.185,2.267,-3.4789999999999996,-3.235,-1.038,4.56,-22.36,-38.83
2020-06-29 10:53:01,1.003,0.032,2.224,-7.202000000000001,2.6860000000000004,-0.183,4.49,-22.36,-38.83
2020-06-29 10:53:01,0.903,-0.037000000000000005,2.2680000000000002,-7.751,7.874,0.732,4.37,-22.3,-38.81
2020-06-29 10:53:01,0.8290000000000001,-0.049,2.309,-5.371,10.01,1.6480000000000001,4.26,-22.2,-38.79
2020-06-29 10:53:01,0.778,0.006,2.298,-1.3430000000000002,8.362,1.831,4.18,-22.09,-38.77
2020-06-29 10:53:01,0.8029999999999999,0.168,2.36,3.7230000000000003,2.93,1.2209999999999999,4.17,-22.03,-38.75
2020-06-29 10:53:01,0.917,0.33,2.343,7.446000000000001,-3.54,0.0,4.24,-22.03,-38.75
2020-06-29 10:53:01,1.023,0.424,2.349,7.813,-8.545,-1.3430000000000002,4.37,-22.11,-38.77
2020-06-29 10:53:01,1.085,0.425,2.3169999999999997,5.127000000000001,-9.46,-1.77,4.48,-22.21,-38.8
2020-06-29 10:53:01,1.088,0.301,2.272,0.305,-7.08,-1.526,4.55,-22.31,-38.82
2020-06-29 10:53:01,1.037,0.172,2.262,-4.578,-2.197,-0.8540000000000001,4.54,-22.36,-38.83
2020-06-29 10:53:01,0.9840000000000001,0.008,2.225,-7.813,3.662,0.0,4.47,-22.35,-38.83
2020-06-29 10:53:01,0.899,-0.081,2.273,-7.751,8.545,0.8540000000000001,4.34,-22.27,-38.81
2020-06-29 10:53:01,0.8170000000000001,-0.045,2.3,-4.761,9.705,1.6480000000000001,4.22,-22.18,-38.79
2020-06-29 10:53:01,0.772,0.064,2.334,-0.488,7.324,1.709,4.15,-22.08,-38.77
2020-06-29 10:53:01,0.812,0.22699999999999998,2.3569999999999998,4.578,1.6480000000000001,0.8540000000000001,4.16,-22.02,-38.75
2020-06-29 10:53:01,0.946,0.354,2.351,7.751,-5.005,-0.42700000000000005,4.26,-22.04,-38.76
2020-06-29 10:53:01,0.946,0.354,2.351,7.324,-9.277000000000001,-1.6480000000000001,4.38,-22.13,-38.79
2020-06-29 10:53:01,1.047,0.408,2.345,7.324,-9.277000000000001,-1.6480000000000001,4.51,-22.21,-38.81
2020-06-29 10:53:01,1.081,0.396,2.299,4.456,-9.277000000000001,-1.831,4.61,-22.32,-38.84
2020-06-29 10:53:01,1.082,0.263,2.275,-0.488,-6.531000000000001,-1.4040000000000001,4.67,-22.41,-38.86
2020-06-29 10:53:01,1.0170000000000001,0.153,2.253,-5.188,-1.2819999999999998,-0.6709999999999999,4.64,-22.45,-38.87
2020-06-29 10:53:01,0.9440000000000001,0.040999999999999995,2.25,-7.751,4.638999999999999,0.183,4.55,-22.42,-38.86
2020-06-29 10:53:01,0.873,-0.065,2.276,-7.263,8.972000000000001,1.099,4.44,-22.34,-38.84
2020-06-29 10:53:01,0.8220000000000001,-0.062,2.292,-4.15,9.338,1.892,4.33,-22.24,-38.81
2020-06-29 10:53:01,0.792,0.065,2.338,0.42700000000000005,6.287000000000001,1.831,4.26,-22.15,-38.79
2020-06-29 10:53:01,0.823,0.262,2.351,5.492999999999999,0.488,0.9159999999999999,4.28,-22.11,-38.78
2020-06-29 10:53:01,0.9440000000000001,0.39799999999999996,2.367,7.996,-5.92,-0.488,4.39,-22.14,-38.79
2020-06-29 10:53:01,1.0659999999999998,0.43700000000000006,2.327,6.957999999999999,-9.521,-1.465,4.52,-22.23,-38.81
2020-06-29 10:53:01,1.0979999999999999,0.379,2.3040000000000003,3.6010000000000004,-8.972000000000001,-1.77,4.63,-22.33,-38.84
2020-06-29 10:53:01,1.0959999999999999,0.22899999999999998,2.256,-1.465,-5.553999999999999,-1.2819999999999998,4.67,-22.41,-38.86
2020-06-29 10:53:01,1.032,0.064,2.229,-5.859,-0.183,-0.61,4.62,-22.45,-38.86
2020-06-29 10:53:01,0.924,0.022000000000000002,2.271,-7.874,5.553999999999999,0.244,4.51,-22.42,-38.86
2020-06-29 10:53:01,0.8220000000000001,-0.006,2.286,-6.7139999999999995,9.766,1.2209999999999999,4.4,-22.32,-38.84
2020-06-29 10:53:01,0.7829999999999999,-0.021,2.32,-3.235,9.338,1.831,4.31,-22.2,-38.81
2020-06-29 10:53:01,0.809,0.076,2.327,1.038,5.371,1.709,4.26,-22.12,-38.79
2020-06-29 10:53:01,0.861,0.243,2.349,5.797999999999999,-0.42700000000000005,0.6709999999999999,4.3,-22.09,-38.78
2020-06-29 10:53:01,0.958,0.392,2.363,8.118,-6.531000000000001,-0.732,4.39,-22.14,-38.79
2020-06-29 10:53:01,1.0590000000000002,0.455,2.316,6.409,-9.521,-1.587,4.52,-22.23,-38.82
2020-06-29 10:53:01,1.1,0.39,2.318,2.625,-8.606,-1.77,4.62,-22.33,-38.85
2020-06-29 10:53:01,1.0759999999999998,0.24,2.249,-2.319,-4.578,-1.16,4.65,-22.4,-38.86
2020-06-29 10:53:01,1.023,0.038,2.238,-6.653,1.16,-0.366,4.6,-22.42,-38.86
2020-06-29 10:53:01,0.9359999999999999,-0.053,2.255,-8.301,6.47,0.5489999999999999,4.48,-22.37,-38.85
2020-06-29 10:53:01,0.828,-0.05,2.285,-6.409,10.01,1.465,4.35,-22.28,-38.83
2020-06-29 10:53:01,0.759,0.013999999999999999,2.3409999999999997,-2.319,9.094,1.831,4.26,-22.17,-38.8
2020-06-29 10:53:01,0.79,0.152,2.336,2.136,4.456,1.465,4.24,-22.08,-38.78
2020-06-29 10:53:01,0.89,0.281,2.36,6.47,-2.0140000000000002,0.244,4.29,-22.07,-38.78
2020-06-29 10:53:01,0.996,0.374,2.356,8.179,-7.568,-1.099,4.41,-22.13,-38.8
2020-06-29 10:53:02,1.073,0.413,2.301,5.981,-9.705,-1.892,4.52,-22.23,-38.83
2020-06-29 10:53:02,1.0759999999999998,0.36700000000000005,2.3,1.831,-8.118,-1.709,4.6,-22.33,-38.85
2020-06-29 10:53:02,1.064,0.204,2.255,-2.93,-3.784,-1.099,4.63,-22.39,-38.87
2020-06-29 10:53:02,1.006,0.04,2.234,-7.08,2.0140000000000002,-0.305,4.56,-22.4,-38.87
2020-06-29 10:53:02,0.905,-0.035,2.2640000000000002,-7.996,7.202000000000001,0.6709999999999999,4.44,-22.35,-38.86
2020-06-29 10:53:02,0.826,-0.055999999999999994,2.298,-5.737,9.766,1.526,4.32,-22.25,-38.83
2020-06-29 10:53:02,0.779,-0.012,2.31,-1.77,8.24,1.831,4.24,-22.14,-38.8
2020-06-29 10:53:02,0.802,0.156,2.349,3.235,3.174,1.2819999999999998,4.22,-22.08,-38.79
2020-06-29 10:53:02,0.9079999999999999,0.319,2.353,7.08,-3.2960000000000003,0.0,4.28,-22.08,-38.79
2020-06-29 10:53:02,1.021,0.414,2.35,7.935,-8.423,-1.2209999999999999,4.41,-22.15,-38.81
2020-06-29 10:53:02,1.089,0.42100000000000004,2.3,5.553999999999999,-9.705,-1.831,4.53,-22.25,-38.84
2020-06-29 10:53:02,1.087,0.322,2.281,0.8540000000000001,-7.69,-1.587,4.6,-22.35,-38.86
2020-06-29 10:53:02,1.062,0.172,2.248,-3.967,-2.8689999999999998,-0.977,4.6,-22.41,-38.88
2020-06-29 10:53:02,1.011,-0.011000000000000001,2.222,-7.629,2.991,0.0,4.53,-22.41,-38.88
2020-06-29 10:53:02,0.9059999999999999,-0.064,2.273,-7.751,7.813,0.732,4.39,-22.35,-38.86
2020-06-29 10:53:02,0.8109999999999999,-0.021,2.3040000000000003,-5.066,9.766,1.6480000000000001,4.27,-22.25,-38.83
2020-06-29 10:53:02,0.772,0.045,2.319,-1.038,7.69,1.953,4.21,-22.15,-38.8
2020-06-29 10:53:02,0.8190000000000001,0.188,2.359,3.906,2.258,1.2209999999999999,4.21,-22.09,-38.79
2020-06-29 10:53:02,0.9390000000000001,0.32299999999999995,2.34,7.324,-4.0889999999999995,0.0,4.28,-22.1,-38.79
2020-06-29 10:53:02,1.0290000000000001,0.40700000000000003,2.354,7.568,-8.545,-1.2819999999999998,4.41,-22.18,-38.81
2020-06-29 10:53:02,1.0759999999999998,0.423,2.295,4.761,-9.094,-1.709,4.52,-22.27,-38.84
2020-06-29 10:53:02,1.08,0.295,2.2880000000000003,0.0,-6.775,-1.526,4.58,-22.37,-38.86
2020-06-29 10:53:02,1.035,0.18100000000000002,2.254,-4.761,-1.77,-0.7929999999999999,4.56,-22.41,-38.88
2020-06-29 10:53:02,0.9790000000000001,0.013999999999999999,2.238,-7.69,4.272,0.0,4.49,-22.39,-38.87
2020-06-29 10:53:02,0.903,-0.094,2.276,-7.629,8.789,0.9159999999999999,4.37,-22.32,-38.85
2020-06-29 10:53:02,0.816,-0.053,2.296,-4.333,9.827,1.77,4.25,-22.21,-38.83
2020-06-29 10:53:02,0.7659999999999999,0.07200000000000001,2.3480000000000003,0.0,7.202000000000001,1.831,4.18,-22.12,-38.8
2020-06-29 10:53:02,0.813,0.253,2.356,4.944,1.465,1.038,4.2,-22.07,-38.79
2020-06-29 10:53:02,0.95,0.37,2.353,7.813,-5.249,-0.366,4.3,-22.08,-38.79
2020-06-29 10:53:02,1.06,0.41100000000000003,2.344,7.202000000000001,-9.216000000000001,-1.465,4.43,-22.17,-38.82
2020-06-29 10:53:02,1.091,0.389,2.29,3.967,-8.972000000000001,-1.77,4.53,-22.27,-38.84
2020-06-29 10:53:02,1.084,0.245,2.272,-0.8540000000000001,-5.859,-1.4040000000000001,4.58,-22.36,-38.86
2020-06-29 10:53:02,1.01,0.128,2.249,-5.492999999999999,-0.5489999999999999,-0.61,4.54,-22.4,-38.87
2020-06-29 10:53:02,0.922,0.048,2.261,-7.935,5.249,0.305,4.45,-22.36,-38.86
2020-06-29 10:53:02,0.853,-0.052000000000000005,2.283,-7.202000000000001,9.46,1.2209999999999999,4.34,-22.27,-38.84
2020-06-29 10:53:02,0.813,-0.063,2.309,-3.7230000000000003,9.46,1.831,4.24,-22.16,-38.81
2020-06-29 10:53:02,0.7979999999999999,0.059000000000000004,2.326,0.732,5.981,1.587,4.17,-22.07,-38.79
2020-06-29 10:53:02,0.833,0.256,2.358,5.797999999999999,0.0,0.5489999999999999,4.2,-22.04,-38.79
2020-06-29 10:53:02,0.955,0.40299999999999997,2.3680000000000003,8.179,-6.348,-0.8540000000000001,4.31,-22.08,-38.8
2020-06-29 10:53:02,1.075,0.446,2.32,6.775,-9.827,-1.77,4.44,-22.17,-38.83
2020-06-29 10:53:02,1.1059999999999999,0.381,2.3080000000000003,3.052,-8.85,-1.831,4.54,-22.28,-38.85
2020-06-29 10:53:02,1.089,0.23,2.246,-1.831,-5.066,-1.2819999999999998,4.58,-22.36,-38.88
2020-06-29 10:53:02,1.026,0.05,2.233,-6.042000000000001,0.61,-0.5489999999999999,4.54,-22.38,-38.88
2020-06-29 10:53:02,0.924,-0.006,2.259,-8.118,6.104,0.42700000000000005,4.42,-22.35,-38.87
2020-06-29 10:53:02,0.826,-0.02,2.291,-6.5920000000000005,10.01,1.2819999999999998,4.3,-22.25,-38.85
2020-06-29 10:53:02,0.772,0.004,2.333,-2.747,9.277000000000001,1.831,4.21,-22.14,-38.82
2020-06-29 10:53:02,0.802,0.11,2.323,1.587,4.883,1.587,4.18,-22.05,-38.8
2020-06-29 10:53:02,0.8759999999999999,0.254,2.366,6.104,-1.16,0.5489999999999999,4.22,-22.03,-38.79
2020-06-29 10:53:02,0.977,0.375,2.351,8.179,-6.957999999999999,-0.7929999999999999,4.33,-22.08,-38.81
2020-06-29 10:53:02,1.063,0.442,2.311,6.226,-9.521,-1.709,4.45,-22.18,-38.84
2020-06-29 10:53:02,1.0859999999999999,0.391,2.313,2.258,-8.179,-1.709,4.54,-22.27,-38.86
2020-06-29 10:53:02,1.081,0.217,2.237,-2.625,-4.0889999999999995,-1.16,4.58,-22.34,-38.88
2020-06-29 10:53:02,1.008,0.049,2.252,-6.775,1.831,-0.366,4.52,-22.36,-38.88
2020-06-29 10:53:02,0.909,-0.036000000000000004,2.26,-8.118,7.019,0.5489999999999999,4.4,-22.31,-38.86
2020-06-29 10:53:02,0.836,-0.067,2.278,-6.165,10.01,1.465,4.28,-22.2,-38.84
2020-06-29 10:53:02,0.777,-0.012,2.324,-2.258,8.85,1.892,4.19,-22.1,-38.81
2020-06-29 10:53:02,0.795,0.149,2.344,2.6860000000000004,4.0889999999999995,1.526,4.16,-22.02,-38.79
2020-06-29 10:53:02,0.889,0.309,2.3609999999999998,6.836,-2.197,0.366,4.22,-22.01,-38.79
2020-06-29 10:53:02,1.0070000000000001,0.392,2.352,7.813,-7.629,-1.038,4.34,-22.07,-38.81
2020-06-29 10:53:02,1.091,0.41700000000000004,2.303,5.676,-9.521,-1.709,4.45,-22.17,-38.84
2020-06-29 10:53:02,1.085,0.34299999999999997,2.278,1.2819999999999998,-7.69,-1.587,4.54,-22.27,-38.86
2020-06-29 10:53:02,1.08,0.165,2.244,-3.662,-3.174,-1.038,4.54,-22.34,-38.88
2020-06-29 10:53:02,1.0070000000000001,0.006,2.233,-7.324,2.8689999999999998,-0.183,4.47,-22.34,-38.88
2020-06-29 10:53:02,0.889,-0.033,2.2640000000000002,-7.874,7.813,0.7929999999999999,4.34,-22.28,-38.86
2020-06-29 10:53:02,0.8140000000000001,-0.035,2.31,-5.371,10.01,1.587,4.22,-22.18,-38.83
2020-06-29 10:53:02,0.775,0.012,2.314,-1.3430000000000002,8.301,1.892,4.15,-22.07,-38.8
2020-06-29 10:53:02,0.815,0.155,2.349,3.7230000000000003,2.747,1.2209999999999999,4.15,-22.01,-38.79
2020-06-29 10:53:02,0.9179999999999999,0.316,2.354,7.507000000000001,-3.6010000000000004,0.0,4.22,-22.01,-38.79
2020-06-29 10:53:02,1.0190000000000001,0.409,2.349,7.935,-8.423,-1.3430000000000002,4.34,-22.09,-38.81
2020-06-29 10:53:02,1.089,0.434,2.2969999999999997,5.31,-9.46,-1.831,4.45,-22.19,-38.84
2020-06-29 10:53:02,1.085,0.315,2.287,0.488,-7.141,-1.587,4.53,-22.29,-38.86
2020-06-29 10:53:02,1.051,0.17600000000000002,2.25,-4.211,-2.197,-0.9159999999999999,4.53,-22.34,-38.88
2020-06-29 10:53:02,1.004,-0.02,2.226,-7.629,3.845,0.0,4.45,-22.32,-38.88
2020-06-29 10:53:02,0.9059999999999999,-0.08900000000000001,2.275,-7.751,8.362,0.8540000000000001,4.32,-22.26,-38.86
2020-06-29 10:53:02,0.807,-0.024,2.3,-4.578,9.827,1.6480000000000001,4.2,-22.16,-38.83
2020-06-29 10:53:02,0.76,0.079,2.333,-0.366,7.446000000000001,1.831,4.14,-22.06,-38.8
2020-06-29 10:53:02,0.821,0.21899999999999997,2.359,4.578,1.6480000000000001,1.038,4.15,-22.01,-38.79
2020-06-29 10:53:02,0.9470000000000001,0.34,2.346,7.568,-4.883,-0.305,4.24,-22.02,-38.8
2020-06-29 10:53:02,1.042,0.396,2.345,7.263,-8.972000000000001,-1.526,4.36,-22.11,-38.83
2020-06-29 10:53:02,1.085,0.413,2.291,4.395,-9.094,-1.831,4.47,-22.21,-38.85
2020-06-29 10:53:02,1.083,0.276,2.273,-0.61,-6.348,-1.526,4.53,-22.3,-38.88
2020-06-29 10:53:02,1.012,0.17300000000000001,2.255,-5.127000000000001,-1.2209999999999999,-0.7929999999999999,4.5,-22.34,-38.88
2020-06-29 10:53:02,0.95,0.03,2.241,-7.874,4.822,0.0,4.43,-22.31,-38.88
2020-06-29 10:53:02,0.893,-0.099,2.2769999999999997,-7.446000000000001,9.033,0.977,4.31,-22.23,-38.86
2020-06-29 10:53:02,0.8240000000000001,-0.068,2.294,-3.906,9.644,1.77,4.19,-22.13,-38.83
2020-06-29 10:53:02,0.777,0.08199999999999999,2.34,0.488,6.653,1.77,4.13,-22.04,-38.81
2020-06-29 10:53:02,0.8170000000000001,0.271,2.36,5.432,0.9159999999999999,0.9159999999999999,4.16,-21.99,-38.8
2020-06-29 10:53:02,0.953,0.39399999999999996,2.356,7.935,-5.553999999999999,-0.42700000000000005,4.26,-22.02,-38.81
2020-06-29 10:53:02,1.071,0.41600000000000004,2.331,6.775,-9.338,-1.465,4.39,-22.11,-38.83
2020-06-29 10:53:02,1.101,0.37799999999999995,2.292,3.418,-8.667,-1.6480000000000001,4.49,-22.21,-38.85
2020-06-29 10:53:02,1.09,0.235,2.25,-1.4040000000000001,-5.371,-1.2819999999999998,4.53,-22.3,-38.88
2020-06-29 10:53:02,1.021,0.084,2.255,-5.737,0.0,-0.5489999999999999,4.49,-22.33,-38.88
2020-06-29 10:53:02,0.919,0.017,2.262,-8.057,5.859,0.366,4.38,-22.3,-38.87
2020-06-29 10:53:02,0.84,-0.026000000000000002,2.293,-6.836,9.766,1.2819999999999998,4.27,-22.2,-38.85
2020-06-29 10:53:02,0.7809999999999999,-0.019,2.326,-3.113,9.583,1.77,4.18,-22.08,-38.82
2020-06-29 10:53:02,0.792,0.08800000000000001,2.326,1.16,5.432,1.587,4.14,-21.99,-38.8
2020-06-29 10:53:02,0.85,0.245,2.367,5.981,-0.5489999999999999,0.5489999999999999,4.17,-21.97,-38.79
2020-06-29 10:53:02,0.9640000000000001,0.38799999999999996,2.356,8.179,-6.5920000000000005,-0.7929999999999999,4.28,-22.01,-38.81
2020-06-29 10:53:02,1.061,0.455,2.32,6.409,-9.644,-1.6480000000000001,4.4,-22.1,-38.84
2020-06-29 10:53:02,1.102,0.396,2.312,2.563,-8.606,-1.709,4.5,-22.21,-38.86
2020-06-29 10:53:02,1.09,0.223,2.235,-2.38,-4.638999999999999,-1.099,4.54,-22.28,-38.88
2020-06-29 10:53:02,1.002,0.067,2.262,-6.531000000000001,1.2209999999999999,-0.366,4.49,-22.31,-38.88
2020-06-29 10:53:02,0.9,-0.031,2.248,-7.996,6.653,0.5489999999999999,4.37,-22.26,-38.87
2020-06-29 10:53:02,0.84,-0.073,2.286,-6.47,9.766,1.4040000000000001,4.25,-22.16,-38.84
2020-06-29 10:53:02,0.778,-0.013999999999999999,2.33,-2.38,9.033,1.831,4.16,-22.05,-38.81
2020-06-29 10:53:02,0.792,0.145,2.325,2.502,4.272,1.526,4.13,-21.97,-38.8
2020-06-29 10:53:02,0.875,0.298,2.379,6.7139999999999995,-2.136,0.244,4.19,-21.96,-38.8
2020-06-29 10:53:02,1.005,0.39,2.338,7.996,-7.629,-1.099,4.3,-22.02,-38.81
2020-06-29 10:53:02,1.084,0.41600000000000004,2.309,6.042000000000001,-9.827,-1.831,4.43,-22.12,-38.84
2020-06-29 10:53:02,1.093,0.364,2.2880000000000003,1.77,-8.118,-1.587,4.51,-22.23,-38.86
2020-06-29 10:53:03,1.083,0.17600000000000002,2.229,-3.052,-3.662,-1.038,4.53,-22.29,-38.88
2020-06-29 10:53:03,1.0,0.028999999999999998,2.248,-6.957999999999999,2.38,-0.183,4.46,-22.31,-38.88
2020-06-29 10:53:03,0.885,-0.021,2.26,-7.935,7.568,0.732,4.34,-22.25,-38.86
2020-06-29 10:53:03,0.8190000000000001,-0.046,2.302,-5.676,9.888,1.526,4.22,-22.14,-38.84
2020-06-29 10:53:03,0.7879999999999999,-0.008,2.31,-1.526,8.484,1.953,4.15,-22.03,-38.81
2020-06-29 10:53:03,0.813,0.141,2.346,3.2960000000000003,3.235,1.4040000000000001,4.13,-21.97,-38.8
2020-06-29 10:53:03,0.898,0.314,2.363,7.141,-2.991,0.183,4.19,-21.97,-38.8
2020-06-29 10:53:03,1.008,0.418,2.343,7.751,-8.118,-1.16,4.31,-22.04,-38.81
2020-06-29 10:53:03,1.092,0.433,2.31,5.249,-9.521,-1.831,4.43,-22.14,-38.84
2020-06-29 10:53:03,1.099,0.332,2.276,0.5489999999999999,-7.324,-1.6480000000000001,4.5,-22.24,-38.86
2020-06-29 10:53:03,1.07,0.159,2.2430000000000003,-4.0889999999999995,-2.502,-1.038,4.51,-22.3,-38.88
2020-06-29 10:53:03,1.016,-0.032,2.2230000000000003,-7.629,3.4789999999999996,-0.183,4.43,-22.29,-38.88
2020-06-29 10:53:03,0.894,-0.071,2.281,-7.69,8.362,0.7929999999999999,4.3,-22.24,-38.86
2020-06-29 10:53:03,0.792,-0.015,2.301,-4.7,10.254000000000001,1.587,4.17,-22.13,-38.84
2020-06-29 10:53:03,0.768,0.064,2.333,-0.61,7.874,1.831,4.11,-22.02,-38.81
2020-06-29 10:53:03,0.8220000000000001,0.191,2.354,4.272,2.258,1.16,4.13,-21.96,-38.8
2020-06-29 10:53:03,0.941,0.322,2.356,7.507000000000001,-4.272,0.0,4.21,-21.97,-38.8
2020-06-29 10:53:03,1.0290000000000001,0.39799999999999996,2.3409999999999997,7.385,-8.545,-1.3430000000000002,4.32,-22.06,-38.82
2020-06-29 10:53:03,1.084,0.41700000000000004,2.292,4.395,-9.216000000000001,-1.77,4.43,-22.15,-38.85
2020-06-29 10:53:03,1.09,0.3,2.28,-0.244,-6.531000000000001,-1.465,4.49,-22.25,-38.87
2020-06-29 10:53:03,1.025,0.174,2.253,-4.944,-1.4040000000000001,-0.6709999999999999,4.48,-22.29,-38.88
2020-06-29 10:53:03,0.972,0.005,2.234,-7.996,4.5169999999999995,0.183,4.4,-22.27,-38.87
2020-06-29 10:53:03,0.898,-0.107,2.286,-7.507000000000001,8.972000000000001,1.038,4.27,-22.19,-38.85
2020-06-29 10:53:03,0.81,-0.057,2.2880000000000003,-3.906,9.888,1.77,4.16,-22.09,-38.83
2020-06-29 10:53:03,0.759,0.09699999999999999,2.355,0.366,6.836,1.77,4.09,-21.99,-38.8
2020-06-29 10:53:03,0.8140000000000001,0.264,2.356,5.31,0.9159999999999999,0.8540000000000001,4.13,-21.95,-38.79
2020-06-29 10:53:03,0.955,0.384,2.363,7.996,-5.676,-0.5489999999999999,4.23,-21.97,-38.8
2020-06-29 10:53:03,1.057,0.409,2.34,7.019,-9.399,-1.587,4.36,-22.06,-38.83
2020-06-29 10:53:03,1.1,0.373,2.281,3.54,-8.911,-1.892,4.46,-22.17,-38.85
2020-06-29 10:53:03,1.085,0.264,2.27,-1.2209999999999999,-5.737,-1.3430000000000002,4.5,-22.26,-38.88
2020-06-29 10:53:03,1.011,0.111,2.246,-5.432,0.0,-0.5489999999999999,4.47,-22.29,-38.88
2020-06-29 10:53:03,0.932,0.005,2.256,-8.057,5.432,0.305,4.37,-22.25,-38.87
2020-06-29 10:53:03,0.856,-0.046,2.294,-6.957999999999999,9.521,1.2209999999999999,4.26,-22.16,-38.85
2020-06-29 10:53:03,0.782,-0.016,2.3169999999999997,-3.052,9.46,1.77,4.16,-22.06,-38.83
2020-06-29 10:53:03,0.778,0.10099999999999999,2.33,1.3430000000000002,5.371,1.6480000000000001,4.12,-21.97,-38.8
2020-06-29 10:53:03,0.852,0.255,2.367,6.104,-0.488,0.61,4.16,-21.94,-38.8
2020-06-29 10:53:03,0.9690000000000001,0.38299999999999995,2.347,8.118,-6.5920000000000005,-0.7929999999999999,4.27,-21.98,-38.81
2020-06-29 10:53:03,1.062,0.441,2.331,6.7139999999999995,-9.705,-1.6480000000000001,4.39,-22.08,-38.84
2020-06-29 10:53:03,1.105,0.39,2.289,2.625,-8.423,-1.77,4.49,-22.18,-38.86
2020-06-29 10:53:03,1.088,0.225,2.2430000000000003,-2.258,-4.761,-1.2209999999999999,4.53,-22.26,-38.88
2020-06-29 10:53:03,0.992,0.087,2.254,-6.226,1.3430000000000002,-0.488,4.48,-22.28,-38.88
2020-06-29 10:53:03,0.903,-0.03,2.253,-8.057,6.653,0.5489999999999999,4.37,-22.23,-38.87
2020-06-29 10:53:03,0.856,-0.09699999999999999,2.28,-6.409,9.888,1.3430000000000002,4.25,-22.13,-38.85
2020-06-29 10:53:03,0.785,-0.021,2.326,-2.38,9.094,1.892,4.15,-22.02,-38.82
2020-06-29 10:53:03,0.79,0.155,2.334,2.441,4.456,1.587,4.12,-21.95,-38.8
2020-06-29 10:53:03,0.872,0.304,2.381,6.775,-1.6480000000000001,0.366,4.18,-21.93,-38.8
2020-06-29 10:53:03,1.002,0.382,2.332,7.935,-7.263,-0.9159999999999999,4.3,-21.98,-38.81
2020-06-29 10:53:03,1.089,0.408,2.326,5.797999999999999,-9.583,-1.77,4.42,-22.08,-38.84
2020-06-29 10:53:03,1.094,0.363,2.271,1.526,-7.69,-1.6480000000000001,4.49,-22.19,-38.86
2020-06-29 10:53:03,1.084,0.16399999999999998,2.241,-2.93,-3.418,-1.099,4.52,-22.25,-38.88
2020-06-29 10:53:03,0.99,0.036000000000000004,2.249,-7.141,2.747,-0.244,4.44,-22.26,-38.88
2020-06-29 10:53:03,0.877,-0.006,2.267,-7.874,7.629,0.732,4.32,-22.2,-38.86
2020-06-29 10:53:03,0.8170000000000001,-0.048,2.309,-5.432,10.193,1.465,4.22,-22.09,-38.84
2020-06-29 10:53:03,0.7929999999999999,-0.016,2.309,-1.526,8.301,1.892,4.14,-21.98,-38.81
2020-06-29 10:53:03,0.8170000000000001,0.152,2.349,3.54,3.174,1.2209999999999999,4.12,-21.92,-38.8
2020-06-29 10:53:03,0.894,0.324,2.367,7.385,-3.113,0.0,4.19,-21.92,-38.8
2020-06-29 10:53:03,1.011,0.419,2.345,8.118,-8.24,-1.2819999999999998,4.31,-21.99,-38.82
2020-06-29 10:53:03,1.094,0.428,2.313,5.066,-9.46,-1.831,4.43,-22.09,-38.85
2020-06-29 10:53:03,1.0959999999999999,0.335,2.28,0.488,-7.324,-1.587,4.5,-22.19,-38.87
2020-06-29 10:53:03,1.07,0.151,2.2359999999999998,-4.0280000000000005,-2.319,-0.9159999999999999,4.51,-22.25,-38.89
2020-06-29 10:53:03,1.0170000000000001,-0.04,2.2230000000000003,-7.935,3.6010000000000004,0.0,4.42,-22.25,-38.88
2020-06-29 10:53:03,0.888,-0.068,2.285,-7.813,8.362,0.9159999999999999,4.28,-22.19,-38.86
2020-06-29 10:53:03,0.779,0.001,2.31,-4.5169999999999995,10.071,1.709,4.17,-22.08,-38.84
2020-06-29 10:53:03,0.7609999999999999,0.07200000000000001,2.331,-0.61,7.324,1.831,4.11,-21.97,-38.81
2020-06-29 10:53:03,0.8340000000000001,0.195,2.359,4.5169999999999995,1.587,1.038,4.13,-21.92,-38.8
2020-06-29 10:53:03,0.945,0.321,2.343,7.629,-5.005,-0.244,4.21,-21.95,-38.8
2020-06-29 10:53:03,1.032,0.39399999999999996,2.354,7.568,-9.094,-1.465,4.33,-22.03,-38.83
2020-06-29 10:53:03,1.087,0.414,2.282,4.456,-9.216000000000001,-1.831,4.44,-22.13,-38.86
2020-06-29 10:53:03,1.097,0.303,2.283,-0.244,-6.5920000000000005,-1.465,4.5,-22.23,-38.88
2020-06-29 10:53:03,1.033,0.157,2.24,-5.005,-1.16,-0.6709999999999999,4.49,-22.27,-38.89
2020-06-29 10:53:03,0.963,0.013000000000000001,2.245,-7.935,4.7,0.183,4.4,-22.25,-38.88
2020-06-29 10:53:03,0.883,-0.095,2.28,-7.263,9.216000000000001,1.099,4.28,-22.17,-38.86
2020-06-29 10:53:03,0.8059999999999999,-0.055999999999999994,2.2840000000000003,-3.784,9.766,1.831,4.17,-22.07,-38.83
2020-06-29 10:53:03,0.768,0.09300000000000001,2.3480000000000003,0.488,6.531000000000001,1.77,4.11,-21.97,-38.81
2020-06-29 10:53:03,0.8320000000000001,0.264,2.352,5.615,0.732,0.9159999999999999,4.14,-21.93,-38.8
2020-06-29 10:53:03,0.9570000000000001,0.39,2.365,8.118,-5.737,-0.366,4.25,-21.96,-38.8
2020-06-29 10:53:03,1.057,0.414,2.345,7.08,-9.216000000000001,-1.465,4.38,-22.05,-38.83
2020-06-29 10:53:03,1.1059999999999999,0.369,2.271,3.4789999999999996,-8.789,-1.77,4.48,-22.15,-38.85
2020-06-29 10:53:03,1.077,0.272,2.281,-1.099,-5.371,-1.2819999999999998,4.52,-22.24,-38.88
2020-06-29 10:53:03,1.008,0.106,2.233,-5.432,0.366,-0.488,4.49,-22.26,-38.88
2020-06-29 10:53:03,0.941,-0.018000000000000002,2.25,-7.935,5.797999999999999,0.366,4.39,-22.23,-38.87
2020-06-29 10:53:03,0.86,-0.061,2.3,-6.775,9.827,1.3430000000000002,4.27,-22.14,-38.85
2020-06-29 10:53:03,0.778,-0.005,2.32,-2.8689999999999998,9.583,1.831,4.17,-22.03,-38.82
2020-06-29 10:53:03,0.7709999999999999,0.12300000000000001,2.3369999999999997,1.6480000000000001,5.492999999999999,1.526,4.14,-21.94,-38.8
2020-06-29 10:53:03,0.856,0.253,2.371,6.042000000000001,-0.6709999999999999,0.42700000000000005,4.19,-21.91,-38.79
2020-06-29 10:53:03,0.976,0.373,2.3569999999999998,8.24,-6.775,-0.9159999999999999,4.29,-21.95,-38.81
2020-06-29 10:53:03,1.05,0.425,2.326,6.531000000000001,-9.46,-1.6480000000000001,4.41,-22.05,-38.84
2020-06-29 10:53:03,1.103,0.379,2.292,2.563,-8.423,-1.831,4.5,-22.15,-38.86
2020-06-29 10:53:03,1.078,0.23199999999999998,2.251,-2.258,-4.395,-1.2209999999999999,4.54,-22.23,-38.88
2020-06-29 10:53:03,0.985,0.10099999999999999,2.249,-6.348,1.526,-0.42700000000000005,4.49,-22.24,-38.88
2020-06-29 10:53:03,0.91,-0.031,2.256,-7.996,6.836,0.5489999999999999,4.39,-22.19,-38.87
2020-06-29 10:53:03,0.856,-0.10400000000000001,2.2880000000000003,-6.348,10.071,1.4040000000000001,4.26,-22.09,-38.85
2020-06-29 10:53:03,0.782,-0.015,2.313,-2.197,8.911,1.831,4.16,-21.98,-38.82
2020-06-29 10:53:03,0.777,0.171,2.351,2.8689999999999998,4.15,1.4040000000000001,4.14,-21.91,-38.8
2020-06-29 10:53:03,0.875,0.313,2.375,7.08,-2.197,0.0,4.21,-21.9,-38.8
2020-06-29 10:53:03,1.018,0.395,2.338,8.362,-7.935,-1.16,4.33,-21.96,-38.82
2020-06-29 10:53:03,1.085,0.408,2.33,6.042000000000001,-9.827,-1.892,4.45,-22.07,-38.85
2020-06-29 10:53:03,1.1,0.348,2.271,1.831,-7.874,-1.709,4.54,-22.16,-38.88
2020-06-29 10:53:04,1.083,0.165,2.239,-2.991,-3.2960000000000003,-1.099,4.56,-22.23,-38.89
2020-06-29 10:53:04,0.975,0.06,2.259,-7.019,2.6860000000000004,-0.244,4.48,-22.24,-38.89
2020-06-29 10:53:04,0.862,0.002,2.261,-7.629,7.813,0.732,4.37,-22.18,-38.88
2020-06-29 10:53:04,0.825,-0.061,2.3080000000000003,-5.432,9.949,1.526,4.27,-22.07,-38.85
2020-06-29 10:53:04,0.8,-0.018000000000000002,2.298,-1.526,8.179,1.892,4.19,-21.96,-38.83
2020-06-29 10:53:04,0.815,0.156,2.353,3.7230000000000003,2.8689999999999998,1.2819999999999998,4.17,-21.91,-38.81
2020-06-29 10:53:04,0.895,0.33299999999999996,2.365,7.568,-3.3569999999999998,0.0,4.24,-21.91,-38.81
2020-06-29 10:53:04,1.015,0.424,2.345,8.057,-8.423,-1.2819999999999998,4.37,-21.98,-38.83
2020-06-29 10:53:04,1.097,0.42100000000000004,2.316,5.249,-9.644,-1.831,4.49,-22.08,-38.86
2020-06-29 10:53:04,1.104,0.312,2.281,0.5489999999999999,-7.324,-1.587,4.56,-22.18,-38.88
2020-06-29 10:53:04,1.074,0.14800000000000002,2.227,-4.0280000000000005,-2.319,-0.9159999999999999,4.55,-22.24,-38.9
2020-06-29 10:53:04,1.011,-0.023,2.227,-7.629,3.662,0.0,4.47,-22.24,-38.89
2020-06-29 10:53:04,0.888,-0.071,2.281,-7.446000000000001,8.545,0.9159999999999999,4.34,-22.18,-38.88
2020-06-29 10:53:04,0.794,-0.011000000000000001,2.299,-4.333,10.193,1.77,4.22,-22.07,-38.85
2020-06-29 10:53:04,0.7709999999999999,0.079,2.333,-0.366,7.507000000000001,1.953,4.17,-21.97,-38.82
2020-06-29 10:53:04,0.835,0.20199999999999999,2.355,4.7,1.892,1.099,4.19,-21.91,-38.81
2020-06-29 10:53:04,0.937,0.33,2.353,7.813,-4.578,-0.183,4.27,-21.93,-38.81
2020-06-29 10:53:04,1.033,0.38799999999999996,2.343,7.446000000000001,-8.911,-1.3430000000000002,4.39,-22.02,-38.84
2020-06-29 10:53:04,1.089,0.41200000000000003,2.291,4.5169999999999995,-9.155,-1.709,4.5,-22.12,-38.86
2020-06-29 10:53:04,1.094,0.301,2.289,-0.305,-6.409,-1.4040000000000001,4.56,-22.21,-38.88
2020-06-29 10:53:04,1.045,0.146,2.229,-4.944,-1.16,-0.6709999999999999,4.54,-22.25,-38.89
2020-06-29 10:53:04,0.965,0.013999999999999999,2.253,-7.874,4.883,0.183,4.45,-22.23,-38.88
2020-06-29 10:53:04,0.867,-0.069,2.29,-7.141,9.399,1.16,4.33,-22.15,-38.86
2020-06-29 10:53:04,0.792,-0.044000000000000004,2.286,-3.7230000000000003,9.949,1.77,4.22,-22.04,-38.84
2020-06-29 10:53:04,0.767,0.092,2.352,0.488,6.531000000000001,1.709,4.17,-21.95,-38.81
2020-06-29 10:53:04,0.8370000000000001,0.256,2.35,5.676,0.61,0.6709999999999999,4.2,-21.9,-38.8
2020-06-29 10:53:04,0.946,0.387,2.371,8.179,-5.737,-0.732,4.31,-21.93,-38.81
2020-06-29 10:53:04,1.051,0.42,2.3409999999999997,6.897,-9.46,-1.709,4.44,-22.02,-38.84
2020-06-29 10:53:04,1.1079999999999999,0.375,2.283,3.4789999999999996,-8.789,-1.831,4.54,-22.13,-38.87
2020-06-29 10:53:04,1.078,0.266,2.283,-1.3430000000000002,-5.249,-1.3430000000000002,4.58,-22.21,-38.89
2020-06-29 10:53:04,1.022,0.094,2.221,-5.553999999999999,0.244,-0.488,4.55,-22.24,-38.89
2020-06-29 10:53:04,0.948,-0.032,2.258,-8.118,5.859,0.42700000000000005,4.44,-22.2,-38.89
2020-06-29 10:53:04,0.851,-0.053,2.302,-6.409,9.949,1.4040000000000001,4.32,-22.11,-38.86
2020-06-29 10:53:04,0.763,0.012,2.322,-2.625,9.705,1.892,4.22,-22.0,-38.83
2020-06-29 10:53:04,0.772,0.135,2.338,1.831,5.249,1.587,4.2,-21.91,-38.81
2020-06-29 10:53:04,0.8690000000000001,0.254,2.3569999999999998,6.47,-0.9159999999999999,0.488,4.25,-21.88,-38.8
2020-06-29 10:53:04,0.975,0.37200000000000005,2.358,8.362,-7.08,-0.9159999999999999,4.36,-21.93,-38.82
2020-06-29 10:53:04,1.047,0.423,2.326,6.5920000000000005,-9.644,-1.77,4.48,-22.03,-38.85
2020-06-29 10:53:04,1.1,0.375,2.29,2.747,-8.362,-1.831,4.58,-22.13,-38.88
2020-06-29 10:53:04,1.072,0.244,2.26,-2.319,-4.456,-1.16,4.6,-22.21,-38.89
2020-06-29 10:53:04,0.9940000000000001,0.10300000000000001,2.24,-6.287000000000001,1.526,-0.366,4.56,-22.22,-38.89
2020-06-29 10:53:04,0.9259999999999999,-0.053,2.255,-8.118,6.775,0.488,4.45,-22.17,-38.88
2020-06-29 10:53:04,0.8640000000000001,-0.106,2.287,-6.226,10.01,1.3430000000000002,4.33,-22.08,-38.86
2020-06-29 10:53:04,0.774,0.002,2.32,-2.0140000000000002,9.033,1.831,4.22,-21.97,-38.83
2020-06-29 10:53:04,0.769,0.188,2.3480000000000003,2.8080000000000003,4.15,1.4040000000000001,4.21,-21.9,-38.81
2020-06-29 10:53:04,0.8809999999999999,0.317,2.378,7.141,-2.197,0.183,4.28,-21.88,-38.81
2020-06-29 10:53:04,1.016,0.387,2.331,7.996,-7.874,-1.099,4.4,-21.94,-38.83
2020-06-29 10:53:04,1.082,0.39,2.331,5.553999999999999,-9.827,-1.77,4.52,-22.05,-38.86
2020-06-29 10:53:04,1.095,0.33299999999999996,2.263,1.587,-7.69,-1.587,4.59,-22.15,-38.89
2020-06-29 10:53:04,1.084,0.163,2.244,-3.2960000000000003,-3.3569999999999998,-1.038,4.6,-22.22,-38.9
2020-06-29 10:53:04,0.9840000000000001,0.059000000000000004,2.252,-7.141,2.625,0.0,4.52,-22.23,-38.9
2020-06-29 10:53:04,0.866,0.002,2.2680000000000002,-7.385,7.996,0.7929999999999999,4.41,-22.16,-38.88
2020-06-29 10:53:04,0.821,-0.055999999999999994,2.307,-5.249,10.01,1.587,4.31,-22.06,-38.85
2020-06-29 10:53:04,0.805,-0.019,2.299,-1.3430000000000002,8.24,1.953,4.23,-21.95,-38.83
2020-06-29 10:53:04,0.813,0.16,2.345,3.967,3.052,1.2819999999999998,4.21,-21.89,-38.81
2020-06-29 10:53:04,0.8959999999999999,0.336,2.37,7.751,-3.2960000000000003,0.0,4.29,-21.9,-38.81
2020-06-29 10:53:04,1.0190000000000001,0.428,2.33,7.874,-8.362,-1.16,4.41,-21.97,-38.83
2020-06-29 10:53:04,1.093,0.41700000000000004,2.336,5.127000000000001,-9.46,-1.709,4.53,-22.07,-38.86
2020-06-29 10:53:04,1.111,0.295,2.266,0.366,-7.019,-1.4040000000000001,4.6,-22.16,-38.88
2020-06-29 10:53:04,1.061,0.141,2.233,-4.395,-2.136,-0.9159999999999999,4.59,-22.23,-38.89
2020-06-29 10:53:04,0.992,-0.008,2.235,-7.629,3.845,0.0,4.5,-22.21,-38.89
2020-06-29 10:53:04,0.883,-0.068,2.275,-7.202000000000001,8.85,0.977,4.38,-22.15,-38.87
2020-06-29 10:53:04,0.8,-0.027000000000000003,2.311,-4.333,10.132,1.709,4.26,-22.04,-38.84
2020-06-29 10:53:04,0.778,0.086,2.344,-0.244,7.324,1.77,4.2,-21.94,-38.82
2020-06-29 10:53:04,0.833,0.225,2.35,4.944,1.709,0.8540000000000001,4.22,-21.88,-38.81
2020-06-29 10:53:04,0.932,0.35100000000000003,2.367,7.935,-4.822,-0.488,4.32,-21.91,-38.81
2020-06-29 10:53:04,1.032,0.39899999999999997,2.333,7.324,-9.094,-1.587,4.44,-21.99,-38.84
2020-06-29 10:53:04,1.085,0.39299999999999996,2.305,4.15,-9.094,-1.892,4.55,-22.09,-38.87
2020-06-29 10:53:04,1.095,0.284,2.286,-0.5489999999999999,-6.165,-1.4040000000000001,4.6,-22.18,-38.89
2020-06-29 10:53:04,1.047,0.11900000000000001,2.224,-5.066,-0.9159999999999999,-0.6709999999999999,4.58,-22.23,-38.9
2020-06-29 10:53:04,0.96,0.013000000000000001,2.262,-7.996,5.005,0.244,4.48,-22.2,-38.89
2020-06-29 10:53:04,0.846,-0.031,2.301,-6.5920000000000005,9.583,1.2819999999999998,4.37,-22.12,-38.87
2020-06-29 10:53:04,0.774,-0.028999999999999998,2.2969999999999997,-3.418,9.827,1.831,4.27,-22.01,-38.84
2020-06-29 10:53:04,0.777,0.083,2.347,0.9159999999999999,5.981,1.709,4.22,-21.91,-38.82
2020-06-29 10:53:04,0.8440000000000001,0.251,2.3409999999999997,5.981,0.183,0.6709999999999999,4.26,-21.87,-38.81
2020-06-29 10:53:04,0.9420000000000001,0.39399999999999996,2.378,8.423,-6.226,-0.732,4.36,-21.91,-38.83
2020-06-29 10:53:04,1.045,0.43799999999999994,2.326,6.957999999999999,-9.583,-1.709,4.49,-22.0,-38.85
2020-06-29 10:53:04,1.107,0.373,2.298,3.235,-8.789,-1.892,4.6,-22.1,-38.88
2020-06-29 10:53:04,1.084,0.26899999999999996,2.276,-1.831,-5.249,-1.2819999999999998,4.63,-22.19,-38.9
2020-06-29 10:53:04,1.018,0.09,2.2159999999999997,-5.615,0.61,-0.488,4.6,-22.21,-38.9
2020-06-29 10:53:04,0.951,-0.055999999999999994,2.262,-8.118,5.981,0.42700000000000005,4.49,-22.18,-38.89
2020-06-29 10:53:04,0.8540000000000001,-0.057,2.291,-6.348,9.827,1.4040000000000001,4.36,-22.09,-38.87
2020-06-29 10:53:04,0.758,0.022000000000000002,2.33,-2.38,9.46,1.892,4.27,-21.98,-38.84
2020-06-29 10:53:04,0.777,0.157,2.342,2.075,4.883,1.6480000000000001,4.24,-21.9,-38.82
2020-06-29 10:53:04,0.885,0.272,2.356,6.47,-1.16,0.488,4.3,-21.87,-38.81
2020-06-29 10:53:04,0.9890000000000001,0.371,2.353,8.118,-7.202000000000001,-0.8540000000000001,4.41,-21.93,-38.83
2020-06-29 10:53:04,1.051,0.41,2.325,6.287000000000001,-9.583,-1.6480000000000001,4.53,-22.03,-38.85
2020-06-29 10:53:04,1.093,0.355,2.283,2.258,-7.935,-1.709,4.61,-22.13,-38.88
2020-06-29 10:53:04,1.064,0.221,2.2640000000000002,-2.8080000000000003,-4.0280000000000005,-1.099,4.64,-22.19,-38.9
2020-06-29 10:53:04,0.972,0.10099999999999999,2.242,-6.653,2.0140000000000002,-0.366,4.58,-22.2,-38.9
2020-06-29 10:53:04,0.914,-0.035,2.253,-7.751,7.141,0.61,4.48,-22.14,-38.89
2020-06-29 10:53:04,0.863,-0.10800000000000001,2.299,-5.859,9.949,1.526,4.36,-22.05,-38.86
2020-06-29 10:53:04,0.7929999999999999,-0.018000000000000002,2.31,-1.831,8.789,1.953,4.26,-21.95,-38.83
2020-06-29 10:53:04,0.782,0.196,2.351,3.418,3.784,1.4040000000000001,4.24,-21.88,-38.81
2020-06-29 10:53:04,0.887,0.342,2.38,7.446000000000001,-2.625,0.0,4.32,-21.87,-38.81
2020-06-29 10:53:04,1.022,0.413,2.333,7.996,-8.057,-1.099,4.44,-21.93,-38.83
2020-06-29 10:53:04,1.083,0.38799999999999996,2.338,5.371,-9.644,-1.709,4.56,-22.04,-38.86
2020-06-29 10:53:04,1.094,0.302,2.255,0.9159999999999999,-7.385,-1.526,4.63,-22.14,-38.88
2020-06-29 10:53:04,1.069,0.153,2.25,-3.7230000000000003,-2.8689999999999998,-0.9159999999999999,4.63,-22.2,-38.9
2020-06-29 10:53:04,0.9940000000000001,0.022000000000000002,2.237,-7.507000000000001,3.052,0.0,4.54,-22.2,-38.89
2020-06-29 10:53:04,0.8809999999999999,-0.017,2.266,-7.385,8.179,0.977,4.42,-22.14,-38.88
2020-06-29 10:53:05,0.8079999999999999,-0.027999999999999997,2.324,-4.761,9.949,1.709,4.32,-22.03,-38.85
2020-06-29 10:53:05,0.799,0.024,2.3,-0.7929999999999999,7.751,1.953,4.25,-21.93,-38.82
2020-06-29 10:53:05,0.818,0.177,2.356,4.211,2.38,1.099,4.25,-21.88,-38.81
2020-06-29 10:53:05,0.9159999999999999,0.33299999999999996,2.359,7.813,-4.15,-0.244,4.33,-21.9,-38.81
2020-06-29 10:53:05,1.022,0.43,2.331,7.813,-8.789,-1.465,4.45,-21.97,-38.84
2020-06-29 10:53:05,1.082,0.414,2.3369999999999997,4.7,-9.338,-1.892,4.57,-22.08,-38.86
2020-06-29 10:53:05,1.1179999999999999,0.27699999999999997,2.263,0.0,-6.653,-1.465,4.63,-22.16,-38.89
2020-06-29 10:53:05,1.053,0.129,2.2359999999999998,-4.822,-1.709,-0.7929999999999999,4.61,-22.22,-38.9
2020-06-29 10:53:05,0.9620000000000001,0.03,2.244,-7.69,4.333,0.183,4.52,-22.21,-38.89
2020-06-29 10:53:05,0.855,-0.051,2.283,-6.836,9.338,1.099,4.41,-22.13,-38.87
2020-06-29 10:53:05,0.7979999999999999,-0.053,2.295,-4.0889999999999995,9.827,1.831,4.3,-22.02,-38.84
2020-06-29 10:53:05,0.7909999999999999,0.075,2.334,0.305,6.775,1.77,4.24,-21.92,-38.81
2020-06-29 10:53:05,0.833,0.249,2.356,5.553999999999999,1.2819999999999998,0.7929999999999999,4.26,-21.87,-38.81
2020-06-29 10:53:05,0.937,0.385,2.369,8.301,-5.31,-0.61,4.37,-21.9,-38.82
2020-06-29 10:53:05,1.043,0.429,2.33,7.08,-9.155,-1.6480000000000001,4.49,-21.98,-38.84
2020-06-29 10:53:05,1.095,0.373,2.312,3.845,-8.85,-1.892,4.6,-22.09,-38.87
2020-06-29 10:53:05,1.09,0.265,2.271,-1.038,-5.615,-1.3430000000000002,4.65,-22.18,-38.89
2020-06-29 10:53:05,1.034,0.08,2.225,-5.676,-0.366,-0.6709999999999999,4.61,-22.21,-38.9
2020-06-29 10:53:05,0.95,0.0,2.267,-7.996,5.371,0.305,4.5,-22.18,-38.89
2020-06-29 10:53:05,0.8320000000000001,-0.015,2.298,-6.348,9.827,1.2819999999999998,4.39,-22.09,-38.87
2020-06-29 10:53:05,0.77,-0.003,2.322,-3.174,9.583,1.77,4.3,-21.98,-38.84
2020-06-29 10:53:05,0.7929999999999999,0.09699999999999999,2.334,1.3430000000000002,5.615,1.587,4.26,-21.89,-38.82
2020-06-29 10:53:05,0.86,0.249,2.351,6.104,-0.305,0.61,4.3,-21.86,-38.81
2020-06-29 10:53:05,0.9540000000000001,0.39399999999999996,2.372,8.362,-6.47,-0.7929999999999999,4.41,-21.91,-38.83
2020-06-29 10:53:05,1.042,0.442,2.3169999999999997,6.653,-9.521,-1.6480000000000001,4.53,-21.99,-38.85
2020-06-29 10:53:05,1.0979999999999999,0.371,2.312,2.8689999999999998,-8.484,-1.77,4.63,-22.09,-38.88
2020-06-29 10:53:05,1.07,0.266,2.274,-2.197,-4.761,-1.2209999999999999,4.66,-22.17,-38.9
2020-06-29 10:53:05,1.012,0.064,2.2230000000000003,-6.165,1.038,-0.42700000000000005,4.62,-22.19,-38.9
2020-06-29 10:53:05,1.012,0.064,2.2230000000000003,-8.118,6.287000000000001,0.488,4.5,-22.15,-38.89
2020-06-29 10:53:05,0.958,-0.07200000000000001,2.254,-8.118,6.287000000000001,0.488,4.39,-22.11,-38.88
2020-06-29 10:53:05,0.852,-0.07200000000000001,2.294,-6.165,9.827,1.526,4.26,-22.03,-38.85
2020-06-29 10:53:05,0.759,0.03,2.3369999999999997,-1.953,9.155,1.953,4.17,-21.92,-38.83
2020-06-29 10:53:05,0.772,0.18,2.344,2.563,4.456,1.6480000000000001,4.15,-21.84,-38.8
2020-06-29 10:53:05,0.893,0.295,2.363,6.7139999999999995,-2.0140000000000002,0.42700000000000005,4.22,-21.82,-38.8
2020-06-29 10:53:05,1.002,0.379,2.3480000000000003,7.996,-7.568,-0.9159999999999999,4.33,-21.88,-38.82
2020-06-29 10:53:05,1.061,0.395,2.311,5.737,-9.644,-1.709,4.45,-21.99,-38.84
2020-06-29 10:53:05,1.084,0.341,2.286,1.6480000000000001,-7.874,-1.6480000000000001,4.53,-22.09,-38.87
2020-06-29 10:53:05,1.0659999999999998,0.195,2.259,-3.3569999999999998,-3.6010000000000004,-0.977,4.54,-22.15,-38.88
2020-06-29 10:53:05,0.993,0.057999999999999996,2.235,-7.019,2.258,-0.244,4.48,-22.16,-38.88
2020-06-29 10:53:05,0.898,-0.022000000000000002,2.261,-7.629,7.69,0.7929999999999999,4.36,-22.1,-38.87
2020-06-29 10:53:05,0.838,-0.076,2.306,-5.492999999999999,9.888,1.587,4.25,-22.0,-38.84
2020-06-29 10:53:05,0.7959999999999999,-0.013000000000000001,2.298,-1.2819999999999998,8.423,1.831,4.17,-21.9,-38.81
2020-06-29 10:53:05,0.7959999999999999,0.17300000000000001,2.3569999999999998,3.845,3.3569999999999998,1.2819999999999998,4.15,-21.84,-38.8
2020-06-29 10:53:05,0.907,0.342,2.3609999999999998,7.629,-3.235,0.0,4.23,-21.84,-38.8
2020-06-29 10:53:05,1.0290000000000001,0.435,2.333,7.935,-8.301,-1.2819999999999998,4.36,-21.91,-38.82
2020-06-29 10:53:05,1.092,0.409,2.333,5.31,-9.521,-1.831,4.48,-22.02,-38.85
2020-06-29 10:53:05,1.105,0.27899999999999997,2.261,0.5489999999999999,-6.957999999999999,-1.526,4.55,-22.11,-38.87
2020-06-29 10:53:05,1.044,0.153,2.253,-4.395,-2.258,-0.9159999999999999,4.54,-22.17,-38.89
2020-06-29 10:53:05,0.978,0.02,2.229,-7.324,3.784,0.0,4.45,-22.16,-38.88
2020-06-29 10:53:05,0.8909999999999999,-0.067,2.267,-7.202000000000001,8.789,0.9159999999999999,4.34,-22.09,-38.86
2020-06-29 10:53:05,0.8190000000000001,-0.048,2.3169999999999997,-4.272,9.949,1.709,4.22,-21.98,-38.84
2020-06-29 10:53:05,0.7859999999999999,0.076,2.319,0.0,7.629,1.831,4.16,-21.88,-38.81
2020-06-29 10:53:05,0.816,0.226,2.367,5.066,1.953,0.9159999999999999,4.19,-21.84,-38.8
2020-06-29 10:53:05,0.9329999999999999,0.361,2.353,8.118,-4.7,-0.42700000000000005,4.28,-21.85,-38.81
2020-06-29 10:53:05,1.04,0.41600000000000004,2.34,7.385,-9.033,-1.6480000000000001,4.41,-21.94,-38.83
2020-06-29 10:53:05,1.085,0.395,2.313,4.456,-9.216000000000001,-1.892,4.52,-22.04,-38.86
2020-06-29 10:53:05,1.091,0.265,2.261,-0.5489999999999999,-6.042000000000001,-1.465,4.57,-22.13,-38.88
2020-06-29 10:53:05,1.031,0.11699999999999999,2.251,-5.371,-1.038,-0.7929999999999999,4.54,-22.18,-38.89
2020-06-29 10:53:05,0.943,0.034,2.252,-7.813,4.883,0.0,4.45,-22.15,-38.89
2020-06-29 10:53:05,0.8420000000000001,-0.04,2.294,-6.775,9.521,1.099,4.34,-22.06,-38.87
2020-06-29 10:53:05,0.8,-0.05,2.303,-3.662,9.644,1.77,4.24,-21.95,-38.84
2020-06-29 10:53:05,0.794,0.073,2.335,0.732,6.165,1.6480000000000001,4.19,-21.86,-38.82
2020-06-29 10:53:05,0.83,0.267,2.358,5.92,0.42700000000000005,0.732,4.21,-21.83,-38.81
2020-06-29 10:53:05,0.941,0.41600000000000004,2.3609999999999998,8.423,-6.104,-0.6709999999999999,4.32,-21.86,-38.82
2020-06-29 10:53:05,1.057,0.444,2.3209999999999997,6.957999999999999,-9.583,-1.6480000000000001,4.46,-21.95,-38.85
2020-06-29 10:53:05,1.103,0.375,2.309,3.2960000000000003,-8.789,-1.831,4.56,-22.06,-38.88
2020-06-29 10:53:05,1.0859999999999999,0.248,2.266,-1.77,-5.249,-1.2209999999999999,4.6,-22.14,-38.89
2020-06-29 10:53:05,1.0390000000000001,0.040999999999999995,2.2159999999999997,-5.92,0.244,-0.488,4.56,-22.17,-38.9
2020-06-29 10:53:05,0.946,-0.032,2.275,-7.935,5.797999999999999,0.42700000000000005,4.44,-22.14,-38.89
2020-06-29 10:53:05,0.83,-0.013000000000000001,2.292,-6.165,9.827,1.4040000000000001,4.32,-22.05,-38.86
2020-06-29 10:53:05,0.759,0.025,2.332,-2.441,9.399,1.953,4.24,-21.94,-38.84
2020-06-29 10:53:05,0.794,0.128,2.333,1.892,5.005,1.77,4.21,-21.85,-38.81
2020-06-29 10:53:05,0.883,0.256,2.354,6.409,-1.038,0.6709999999999999,4.27,-21.83,-38.8
2020-06-29 10:53:05,0.968,0.379,2.349,8.179,-6.897,-0.732,4.37,-21.88,-38.82
2020-06-29 10:53:05,1.051,0.433,2.31,6.287000000000001,-9.583,-1.587,4.49,-21.98,-38.84
2020-06-29 10:53:05,1.089,0.375,2.303,2.38,-8.118,-1.6480000000000001,4.59,-22.08,-38.87
2020-06-29 10:53:05,1.07,0.217,2.266,-2.8689999999999998,-4.272,-0.977,4.61,-22.15,-38.88
2020-06-29 10:53:05,1.002,0.057999999999999996,2.229,-6.775,1.709,-0.305,4.55,-22.16,-38.89
2020-06-29 10:53:05,0.917,-0.055,2.265,-7.813,7.019,0.6709999999999999,4.44,-22.12,-38.87
2020-06-29 10:53:05,0.848,-0.08900000000000001,2.285,-5.797999999999999,9.949,1.587,4.31,-22.02,-38.85
2020-06-29 10:53:05,0.7829999999999999,-0.009000000000000001,2.319,-1.709,8.911,1.953,4.22,-21.92,-38.82
2020-06-29 10:53:05,0.7859999999999999,0.182,2.35,3.3569999999999998,4.0889999999999995,1.465,4.2,-21.85,-38.8
2020-06-29 10:53:05,0.9009999999999999,0.332,2.367,7.324,-2.38,0.0,4.27,-21.84,-38.8
2020-06-29 10:53:05,1.023,0.40700000000000003,2.3369999999999997,7.935,-7.935,-1.2819999999999998,4.4,-21.9,-38.82
2020-06-29 10:53:05,1.084,0.4,2.3209999999999997,5.553999999999999,-9.46,-1.892,4.52,-22.01,-38.85
2020-06-29 10:53:05,1.084,0.305,2.266,1.038,-7.324,-1.6480000000000001,4.59,-22.1,-38.88
2020-06-29 10:53:05,1.047,0.177,2.26,-3.784,-2.8080000000000003,-0.977,4.59,-22.16,-38.89
2020-06-29 10:53:05,1.002,0.006999999999999999,2.222,-7.324,3.174,0.0,4.52,-22.16,-38.88
2020-06-29 10:53:05,0.914,-0.064,2.271,-7.446000000000001,8.179,0.8540000000000001,4.39,-22.1,-38.87
2020-06-29 10:53:05,0.8220000000000001,-0.039,2.315,-4.761,9.949,1.6480000000000001,4.27,-22.0,-38.84
2020-06-29 10:53:05,0.7809999999999999,0.046,2.313,-0.61,7.935,1.831,4.21,-21.9,-38.81
2020-06-29 10:53:05,0.8029999999999999,0.20199999999999999,2.37,4.578,2.563,0.977,4.22,-21.84,-38.8
2020-06-29 10:53:05,0.9279999999999999,0.337,2.336,7.874,-4.15,-0.366,4.3,-21.85,-38.81
2020-06-29 10:53:05,1.035,0.42100000000000004,2.345,7.751,-8.972000000000001,-1.587,4.43,-21.93,-38.83
2020-06-29 10:53:05,1.079,0.423,2.318,4.944,-9.277000000000001,-1.953,4.54,-22.04,-38.86
2020-06-29 10:53:05,1.094,0.273,2.261,0.0,-6.836,-1.587,4.61,-22.13,-38.89
2020-06-29 10:53:05,1.0290000000000001,0.16399999999999998,2.27,-4.883,-1.892,-0.8540000000000001,4.59,-22.19,-38.9
2020-06-29 10:53:05,0.958,0.027000000000000003,2.229,-7.629,4.333,0.0,4.51,-22.16,-38.89
2020-06-29 10:53:05,0.884,-0.08800000000000001,2.281,-7.08,8.85,0.977,4.39,-22.09,-38.88
2020-06-29 10:53:06,0.8190000000000001,-0.063,2.2969999999999997,-4.15,9.705,1.892,4.27,-21.98,-38.85
2020-06-29 10:53:06,0.7809999999999999,0.081,2.333,0.366,6.897,1.831,4.21,-21.9,-38.82
2020-06-29 10:53:06,0.81,0.268,2.369,5.615,1.2819999999999998,0.977,4.24,-21.85,-38.81
2020-06-29 10:53:06,0.946,0.39299999999999996,2.347,8.118,-5.371,-0.42700000000000005,4.35,-21.87,-38.82
2020-06-29 10:53:06,1.0659999999999998,0.42200000000000004,2.329,7.08,-9.277000000000001,-1.526,4.48,-21.96,-38.84
2020-06-29 10:53:06,1.095,0.376,2.298,3.784,-8.972000000000001,-1.892,4.58,-22.07,-38.87
2020-06-29 10:53:06,1.093,0.233,2.261,-1.099,-5.859,-1.4040000000000001,4.63,-22.15,-38.89
2020-06-29 10:53:06,1.035,0.07400000000000001,2.233,-5.615,-0.42700000000000005,-0.6709999999999999,4.59,-22.19,-38.9
2020-06-29 10:53:06,0.925,0.025,2.272,-7.935,5.31,0.244,4.48,-22.17,-38.89
2020-06-29 10:53:06,0.828,-0.006,2.289,-6.409,9.583,1.2819999999999998,4.37,-22.08,-38.87
2020-06-29 10:53:06,0.792,-0.022000000000000002,2.3209999999999997,-3.052,9.583,1.953,4.28,-21.96,-38.84
2020-06-29 10:53:06,0.807,0.067,2.3280000000000003,1.16,5.737,1.77,4.24,-21.87,-38.81
2020-06-29 10:53:06,0.855,0.251,2.351,6.104,0.0,0.7929999999999999,4.27,-21.85,-38.81
2020-06-29 10:53:06,0.9440000000000001,0.40399999999999997,2.36,8.24,-6.104,-0.732,4.37,-21.88,-38.82
2020-06-29 10:53:06,1.061,0.45799999999999996,2.314,6.653,-9.338,-1.6480000000000001,4.5,-21.97,-38.85
2020-06-29 10:53:06,1.099,0.39,2.312,2.8689999999999998,-8.301,-1.77,4.6,-22.08,-38.87
2020-06-29 10:53:06,1.081,0.23,2.256,-2.38,-4.761,-1.16,4.64,-22.15,-38.89
2020-06-29 10:53:06,1.0170000000000001,0.047,2.227,-6.226,1.16,-0.42700000000000005,4.59,-22.18,-38.89
2020-06-29 10:53:06,0.922,-0.055,2.267,-7.813,6.531000000000001,0.5489999999999999,4.47,-22.13,-38.88
2020-06-29 10:53:06,0.841,-0.066,2.276,-6.042000000000001,9.949,1.465,4.35,-22.04,-38.86
2020-06-29 10:53:06,0.762,0.017,2.346,-1.953,9.338,1.831,4.26,-21.93,-38.83
2020-06-29 10:53:06,0.7859999999999999,0.165,2.333,2.6860000000000004,4.7,1.587,4.24,-21.85,-38.81
2020-06-29 10:53:06,0.893,0.292,2.369,6.836,-1.892,0.244,4.3,-21.83,-38.81
2020-06-29 10:53:06,0.995,0.379,2.344,8.057,-7.507000000000001,-1.16,4.42,-21.89,-38.83
2020-06-29 10:53:06,1.074,0.41,2.291,6.042000000000001,-9.705,-1.831,4.53,-21.99,-38.85
2020-06-29 10:53:06,1.079,0.361,2.3,1.831,-7.996,-1.831,4.62,-22.1,-38.88
2020-06-29 10:53:06,1.074,0.19,2.248,-3.235,-3.662,-1.099,4.64,-22.16,-38.9
2020-06-29 10:53:06,1.021,0.018000000000000002,2.229,-7.141,2.258,-0.244,4.56,-22.17,-38.9
2020-06-29 10:53:06,0.905,-0.04,2.275,-7.69,7.507000000000001,0.732,4.44,-22.12,-38.88
2020-06-29 10:53:06,0.82,-0.044000000000000004,2.2969999999999997,-5.31,9.888,1.587,4.33,-22.02,-38.85
2020-06-29 10:53:06,0.7759999999999999,0.002,2.313,-1.4040000000000001,8.362,1.892,4.25,-21.92,-38.83
2020-06-29 10:53:06,0.807,0.159,2.35,3.7230000000000003,3.174,1.2209999999999999,4.24,-21.85,-38.81
2020-06-29 10:53:06,0.915,0.32,2.351,7.446000000000001,-3.3569999999999998,0.0,4.31,-21.86,-38.81
2020-06-29 10:53:06,1.022,0.42,2.346,7.996,-8.484,-1.3430000000000002,4.43,-21.93,-38.84
2020-06-29 10:53:06,1.092,0.431,2.306,5.492999999999999,-9.521,-1.892,4.55,-22.04,-38.86
2020-06-29 10:53:06,1.089,0.307,2.271,0.6709999999999999,-7.385,-1.6480000000000001,4.63,-22.14,-38.89
2020-06-29 10:53:06,1.053,0.163,2.259,-4.272,-2.502,-0.9159999999999999,4.62,-22.19,-38.9
2020-06-29 10:53:06,1.005,-0.017,2.217,-7.446000000000001,3.54,0.0,4.54,-22.19,-38.9
2020-06-29 10:53:06,0.904,-0.084,2.27,-7.446000000000001,8.362,0.9159999999999999,4.41,-22.13,-38.88
2020-06-29 10:53:06,0.812,-0.027000000000000003,2.309,-4.5169999999999995,9.888,1.77,4.29,-22.03,-38.85
2020-06-29 10:53:06,0.77,0.076,2.332,-0.244,7.69,1.953,4.23,-21.93,-38.83
2020-06-29 10:53:06,0.815,0.221,2.355,4.7,2.136,1.2209999999999999,4.25,-21.87,-38.81
2020-06-29 10:53:06,0.946,0.335,2.343,7.69,-4.456,0.0,4.33,-21.88,-38.81
2020-06-29 10:53:06,1.042,0.406,2.342,7.446000000000001,-8.728,-1.4040000000000001,4.45,-21.97,-38.84
2020-06-29 10:53:06,1.082,0.41200000000000003,2.2880000000000003,4.5169999999999995,-8.972000000000001,-1.77,4.56,-22.07,-38.86
2020-06-29 10:53:06,1.092,0.263,2.28,-0.305,-6.348,-1.465,4.63,-22.16,-38.89
2020-06-29 10:53:07,1.023,0.152,2.258,-5.127000000000001,-1.16,-0.7929999999999999,4.6,-22.21,-38.9
2020-06-29 10:53:07,0.9420000000000001,0.042,2.244,-7.69,4.822,0.0,4.51,-22.18,-38.89
2020-06-29 10:53:07,0.875,-0.077,2.293,-7.019,9.277000000000001,1.038,4.4,-22.09,-38.87
2020-06-29 10:53:07,0.8220000000000001,-0.071,2.2880000000000003,-3.784,9.766,1.831,4.29,-21.99,-38.84
2020-06-29 10:53:07,0.787,0.073,2.345,0.7929999999999999,6.7139999999999995,1.77,4.22,-21.9,-38.82
2020-06-29 10:53:07,0.818,0.27699999999999997,2.367,5.797999999999999,0.977,0.9159999999999999,4.26,-21.86,-38.81
2020-06-29 10:53:07,0.951,0.409,2.352,8.24,-5.676,-0.488,4.37,-21.88,-38.82
2020-06-29 10:53:07,1.068,0.44,2.333,7.019,-9.399,-1.587,4.5,-21.97,-38.84
2020-06-29 10:53:07,1.104,0.381,2.301,3.418,-8.789,-1.831,4.6,-22.08,-38.87
2020-06-29 10:53:07,1.085,0.23600000000000002,2.255,-1.526,-5.371,-1.2819999999999998,4.64,-22.16,-38.89
2020-06-29 10:53:07,1.023,0.067,2.238,-5.737,0.305,-0.5489999999999999,4.6,-22.2,-38.9
2020-06-29 10:53:07,0.924,-0.008,2.271,-7.935,5.797999999999999,0.305,4.49,-22.16,-38.89
2020-06-29 10:53:07,0.831,-0.025,2.281,-6.531000000000001,9.827,1.2819999999999998,4.37,-22.07,-38.86
2020-06-29 10:53:07,0.77,0.005,2.338,-2.747,9.521,1.831,4.28,-21.96,-38.84
2020-06-29 10:53:07,0.79,0.105,2.33,1.709,5.188,1.587,4.25,-21.87,-38.81
2020-06-29 10:53:07,0.863,0.253,2.3569999999999998,6.287000000000001,-0.977,0.42700000000000005,4.3,-21.85,-38.81
2020-06-29 10:53:07,0.9690000000000001,0.375,2.355,8.301,-6.957999999999999,-1.038,4.41,-21.9,-38.83
2020-06-29 10:53:07,1.063,0.445,2.309,6.531000000000001,-9.827,-1.892,4.53,-21.99,-38.86
2020-06-29 10:53:07,1.092,0.391,2.311,2.625,-8.484,-1.892,4.63,-22.1,-38.89
2020-06-29 10:53:07,1.091,0.205,2.244,-2.441,-4.5169999999999995,-1.2209999999999999,4.66,-22.17,-38.9
2020-06-29 10:53:07,1.006,0.048,2.247,-6.653,1.4040000000000001,-0.42700000000000005,4.6,-22.19,-38.9
2020-06-29 10:53:07,0.9009999999999999,-0.034,2.258,-7.813,6.775,0.61,4.48,-22.15,-38.89
2020-06-29 10:53:07,0.8370000000000001,-0.076,2.275,-5.92,9.766,1.465,4.36,-22.04,-38.87
2020-06-29 10:53:07,0.7859999999999999,-0.013999999999999999,2.329,-1.892,8.728,1.953,4.27,-21.95,-38.84
2020-06-29 10:53:07,0.7979999999999999,0.154,2.331,3.052,4.15,1.587,4.25,-21.87,-38.82
2020-06-29 10:53:07,0.893,0.309,2.372,7.019,-2.38,0.366,4.31,-21.86,-38.82
2020-06-29 10:53:07,1.01,0.401,2.338,8.118,-7.751,-1.038,4.43,-21.93,-38.84
2020-06-29 10:53:07,1.089,0.41700000000000004,2.3,5.797999999999999,-9.766,-1.831,4.55,-22.03,-38.86
2020-06-29 10:53:07,1.091,0.34,2.2840000000000003,1.465,-7.874,-1.709,4.63,-22.14,-38.89
2020-06-29 10:53:07,1.08,0.16,2.239,-3.54,-3.2960000000000003,-1.099,4.64,-22.2,-38.9
2020-06-29 10:53:07,1.015,-0.008,2.231,-7.263,2.6860000000000004,-0.183,4.56,-22.21,-38.9
2020-06-29 10:53:07,0.892,-0.035,2.271,-7.629,7.813,0.732,4.43,-22.15,-38.89
2020-06-29 10:53:07,0.807,-0.021,2.307,-4.944,10.132,1.587,4.32,-22.05,-38.86
2020-06-29 10:53:07,0.78,0.025,2.314,-0.977,8.301,1.953,4.25,-21.94,-38.84
2020-06-29 10:53:07,0.815,0.154,2.349,3.845,2.991,1.3430000000000002,4.25,-21.88,-38.82
2020-06-29 10:53:07,0.9179999999999999,0.315,2.352,7.568,-3.2960000000000003,0.183,4.32,-21.88,-38.82
2020-06-29 10:53:07,1.012,0.41600000000000004,2.343,7.813,-8.179,-1.16,4.43,-21.96,-38.84
2020-06-29 10:53:07,1.085,0.436,2.303,5.127000000000001,-9.277000000000001,-1.77,4.55,-22.06,-38.86
2020-06-29 10:53:07,1.093,0.311,2.2769999999999997,0.366,-6.957999999999999,-1.465,4.63,-22.15,-38.89
2020-06-29 10:53:07,1.045,0.171,2.258,-4.456,-2.075,-0.8540000000000001,4.61,-22.21,-38.9
2020-06-29 10:53:07,0.996,-0.026000000000000002,2.22,-7.629,4.0889999999999995,0.0,4.54,-22.19,-38.89
2020-06-29 10:53:07,0.904,-0.106,2.2769999999999997,-7.446000000000001,8.667,0.977,4.41,-22.13,-38.88
2020-06-29 10:53:07,0.804,-0.032,2.301,-4.15,10.01,1.709,4.28,-22.02,-38.85
2020-06-29 10:53:07,0.755,0.094,2.346,0.244,7.568,1.831,4.22,-21.92,-38.83
2020-06-29 10:53:07,0.8140000000000001,0.245,2.36,5.066,1.77,0.977,4.25,-21.87,-38.81
2020-06-29 10:53:07,0.955,0.354,2.35,7.874,-4.944,-0.366,4.35,-21.88,-38.82
2020-06-29 10:53:07,1.05,0.39899999999999997,2.3480000000000003,7.385,-9.155,-1.587,4.47,-21.97,-38.84
2020-06-29 10:53:07,1.085,0.39799999999999996,2.283,4.211,-8.972000000000001,-1.892,4.58,-22.08,-38.87
2020-06-29 10:53:07,1.097,0.263,2.278,-0.732,-6.104,-1.526,4.63,-22.17,-38.89
2020-06-29 10:53:07,1.018,0.135,2.252,-5.249,-0.7929999999999999,-0.6709999999999999,4.6,-22.21,-38.9
2020-06-29 10:53:07,0.929,0.04,2.253,-7.874,5.127000000000001,0.244,4.51,-22.18,-38.89
2020-06-29 10:53:07,0.863,-0.057999999999999996,2.298,-6.957999999999999,9.399,1.099,4.4,-22.09,-38.88
2020-06-29 10:53:07,0.8029999999999999,-0.063,2.295,-3.54,9.583,1.77,4.3,-21.98,-38.85
2020-06-29 10:53:07,0.7859999999999999,0.07400000000000001,2.3409999999999997,1.038,6.042000000000001,1.6480000000000001,4.24,-21.9,-38.83
2020-06-29 10:53:07,0.825,0.262,2.364,5.981,0.244,0.6709999999999999,4.27,-21.86,-38.81
2020-06-29 10:53:07,0.95,0.397,2.351,8.362,-6.287000000000001,-0.732,4.38,-21.9,-38.83
2020-06-29 10:53:07,1.063,0.44299999999999995,2.335,6.836,-9.705,-1.709,4.5,-21.99,-38.86
2020-06-29 10:53:07,1.107,0.37799999999999995,2.292,2.991,-8.85,-1.892,4.61,-22.09,-38.89
2020-06-29 10:53:07,1.087,0.22399999999999998,2.246,-1.709,-5.249,-1.2819999999999998,4.65,-22.18,-38.9
2020-06-29 10:53:07,1.0,0.075,2.252,-5.981,0.61,-0.488,4.6,-22.21,-38.91
2020-06-29 10:53:07,0.9159999999999999,-0.022000000000000002,2.256,-7.996,6.104,0.366,4.49,-22.16,-38.9
2020-06-29 10:53:07,0.852,-0.06,2.28,-6.287000000000001,9.766,1.3430000000000002,4.37,-22.07,-38.88
2020-06-29 10:53:07,0.782,-0.003,2.344,-2.38,9.277000000000001,1.892,4.27,-21.96,-38.85
2020-06-29 10:53:07,0.79,0.146,2.324,2.258,4.944,1.6480000000000001,4.25,-21.88,-38.83
2020-06-29 10:53:07,0.866,0.28,2.375,6.7139999999999995,-1.2209999999999999,0.488,4.31,-21.86,-38.82
2020-06-29 10:53:07,0.986,0.377,2.34,8.301,-7.08,-0.7929999999999999,4.42,-21.91,-38.84
2020-06-29 10:53:07,1.069,0.426,2.311,6.226,-9.583,-1.6480000000000001,4.54,-22.01,-38.86
2020-06-29 10:53:07,1.097,0.382,2.295,2.197,-8.179,-1.6480000000000001,4.63,-22.12,-38.89
2020-06-29 10:53:07,1.093,0.18,2.235,-2.6860000000000004,-4.0889999999999995,-1.038,4.65,-22.19,-38.9
2020-06-29 10:53:07,1.0,0.048,2.251,-6.836,1.953,-0.244,4.59,-22.2,-38.9
2020-06-29 10:53:07,0.885,-0.006999999999999999,2.265,-7.69,7.263,0.732,4.47,-22.15,-38.89
2020-06-29 10:53:07,0.8270000000000001,-0.062,2.294,-5.737,10.01,1.465,4.36,-22.04,-38.86
2020-06-29 10:53:07,0.789,-0.021,2.314,-1.709,8.667,1.953,4.27,-21.94,-38.84
2020-06-29 10:53:07,0.804,0.152,2.344,3.2960000000000003,3.845,1.465,4.25,-21.87,-38.81
2020-06-29 10:53:07,0.888,0.324,2.38,7.324,-2.441,0.183,4.32,-21.87,-38.81
2020-06-29 10:53:07,1.01,0.42100000000000004,2.329,7.996,-7.813,-1.2209999999999999,4.44,-21.93,-38.84
2020-06-29 10:53:07,1.0979999999999999,0.429,2.316,5.492999999999999,-9.521,-1.953,4.56,-22.03,-38.86
2020-06-29 10:53:07,1.101,0.335,2.279,0.977,-7.507000000000001,-1.709,4.64,-22.13,-38.89
2020-06-29 10:53:07,1.077,0.147,2.23,-3.845,-2.747,-1.038,4.64,-22.19,-38.9
2020-06-29 10:53:07,1.014,-0.027999999999999997,2.231,-7.568,3.2960000000000003,0.0,4.56,-22.2,-38.9
2020-06-29 10:53:07,0.888,-0.06,2.279,-7.568,8.24,0.8540000000000001,4.42,-22.14,-38.89
2020-06-29 10:53:07,0.7929999999999999,-0.008,2.31,-4.638999999999999,10.193,1.6480000000000001,4.31,-22.03,-38.86
2020-06-29 10:53:07,0.765,0.057,2.327,-0.61,7.996,1.892,4.25,-21.92,-38.83
2020-06-29 10:53:07,0.8290000000000001,0.175,2.356,4.456,2.258,1.16,4.26,-21.86,-38.81
2020-06-29 10:53:07,0.9329999999999999,0.317,2.3480000000000003,7.751,-4.211,-0.183,4.33,-21.88,-38.82
2020-06-29 10:53:07,1.0190000000000001,0.405,2.344,7.751,-8.85,-1.465,4.45,-21.96,-38.85
2020-06-29 10:53:07,1.087,0.42200000000000004,2.295,4.944,-9.277000000000001,-1.892,4.56,-22.07,-38.88
2020-06-29 10:53:07,1.101,0.297,2.275,0.0,-6.836,-1.526,4.64,-22.16,-38.9
2020-06-29 10:53:07,1.033,0.16699999999999998,2.252,-4.7,-1.709,-0.7929999999999999,4.62,-22.21,-38.91
2020-06-29 10:53:07,0.973,0.009000000000000001,2.23,-7.69,4.395,0.0,4.54,-22.19,-38.9
2020-06-29 10:53:07,0.899,-0.109,2.287,-7.202000000000001,8.911,1.038,4.42,-22.12,-38.88
2020-06-29 10:53:07,0.8109999999999999,-0.062,2.279,-3.967,9.766,1.831,4.3,-22.02,-38.85
2020-06-29 10:53:07,0.7609999999999999,0.1,2.352,0.5489999999999999,6.775,1.77,4.24,-21.92,-38.83
2020-06-29 10:53:07,0.815,0.263,2.362,5.553999999999999,1.038,0.9159999999999999,4.27,-21.87,-38.82
2020-06-29 10:53:07,0.9520000000000001,0.377,2.354,8.118,-5.553999999999999,-0.42700000000000005,4.37,-21.9,-38.83
2020-06-29 10:53:07,1.053,0.408,2.343,7.019,-9.338,-1.587,4.5,-21.99,-38.85
2020-06-29 10:53:07,1.1,0.376,2.274,3.662,-8.972000000000001,-1.831,4.6,-22.1,-38.88
2020-06-29 10:53:07,1.09,0.26,2.272,-1.038,-5.92,-1.465,4.64,-22.19,-38.9
2020-06-29 10:53:07,1.021,0.109,2.242,-5.492999999999999,-0.366,-0.6709999999999999,4.61,-22.23,-38.91
2020-06-29 10:53:07,0.937,0.005,2.251,-8.057,5.371,0.244,4.51,-22.19,-38.9
2020-06-29 10:53:07,0.86,-0.05,2.305,-6.653,9.583,1.16,4.39,-22.1,-38.88
2020-06-29 10:53:07,0.787,-0.011000000000000001,2.306,-3.174,9.705,1.77,4.3,-21.99,-38.85
2020-06-29 10:53:07,0.774,0.106,2.3409999999999997,1.3430000000000002,5.737,1.6480000000000001,4.25,-21.91,-38.83
2020-06-29 10:53:07,0.8440000000000001,0.253,2.362,6.104,0.0,0.6709999999999999,4.3,-21.87,-38.83
2020-06-29 10:53:07,0.96,0.379,2.3480000000000003,8.179,-6.226,-0.732,4.4,-21.91,-38.84
2020-06-29 10:53:07,1.052,0.436,2.33,6.47,-9.399,-1.709,4.52,-22.0,-38.86
2020-06-29 10:53:07,1.1059999999999999,0.387,2.298,2.8689999999999998,-8.423,-1.831,4.62,-22.1,-38.89
2020-06-29 10:53:07,1.085,0.23,2.247,-2.197,-4.822,-1.2209999999999999,4.65,-22.18,-38.91
2020-06-29 10:53:07,0.9940000000000001,0.09,2.255,-6.165,1.038,-0.42700000000000005,4.6,-22.2,-38.91
2020-06-29 10:53:07,0.9109999999999999,-0.035,2.25,-7.935,6.47,0.5489999999999999,4.5,-22.16,-38.9
2020-06-29 10:53:07,0.86,-0.092,2.285,-6.165,9.705,1.587,4.37,-22.06,-38.88
2020-06-29 10:53:07,0.784,-0.01,2.3280000000000003,-2.197,9.216000000000001,1.953,4.27,-21.96,-38.85
2020-06-29 10:53:07,0.784,0.172,2.346,2.747,4.578,1.587,4.25,-21.88,-38.83
2020-06-29 10:53:07,0.866,0.309,2.373,6.957999999999999,-1.526,0.366,4.32,-21.86,-38.82
2020-06-29 10:53:07,1.003,0.38299999999999995,2.336,8.057,-7.446000000000001,-0.977,4.43,-21.91,-38.84
2020-06-29 10:53:07,1.08,0.40399999999999997,2.323,5.981,-9.705,-1.831,4.55,-22.02,-38.87
2020-06-29 10:53:07,1.097,0.359,2.276,1.709,-8.057,-1.709,4.63,-22.12,-38.89
2020-06-29 10:53:07,1.0859999999999999,0.159,2.237,-2.93,-3.662,-1.16,4.65,-22.19,-38.91
2020-06-29 10:53:07,0.986,0.043,2.2569999999999997,-6.957999999999999,2.319,-0.244,4.58,-22.2,-38.91
2020-06-29 10:53:07,0.871,-0.004,2.261,-7.568,7.507000000000001,0.7929999999999999,4.46,-22.15,-38.89
2020-06-29 10:53:07,0.823,-0.057,2.314,-5.371,10.01,1.587,4.36,-22.04,-38.87
2020-06-29 10:53:07,0.7959999999999999,-0.016,2.302,-1.4040000000000001,8.362,1.953,4.27,-21.93,-38.84
2020-06-29 10:53:07,0.816,0.154,2.347,3.784,3.174,1.3430000000000002,4.26,-21.87,-38.83
2020-06-29 10:53:07,0.8909999999999999,0.326,2.372,7.568,-3.052,0.0,4.33,-21.87,-38.83
2020-06-29 10:53:07,1.0090000000000001,0.42200000000000004,2.3280000000000003,8.118,-8.301,-1.2819999999999998,4.45,-21.94,-38.85
2020-06-29 10:53:07,1.0959999999999999,0.426,2.319,5.249,-9.644,-1.892,4.57,-22.05,-38.88
2020-06-29 10:53:07,1.104,0.319,2.276,0.5489999999999999,-7.385,-1.6480000000000001,4.64,-22.15,-38.9
2020-06-29 10:53:07,1.073,0.15,2.226,-4.15,-2.563,-0.977,4.64,-22.21,-38.91
2020-06-29 10:53:07,1.0170000000000001,-0.032,2.2230000000000003,-7.69,3.4789999999999996,0.0,4.55,-22.21,-38.91
2020-06-29 10:53:07,0.892,-0.07,2.2840000000000003,-7.446000000000001,8.423,0.9159999999999999,4.42,-22.15,-38.89
2020-06-29 10:53:07,0.7879999999999999,-0.004,2.301,-4.456,10.132,1.709,4.31,-22.04,-38.86
2020-06-29 10:53:07,0.77,0.086,2.335,-0.305,7.629,1.831,4.25,-21.93,-38.84
2020-06-29 10:53:07,0.83,0.207,2.355,4.578,2.0140000000000002,1.099,4.27,-21.88,-38.83
2020-06-29 10:53:07,0.9359999999999999,0.321,2.349,7.813,-4.395,-0.183,4.36,-21.9,-38.83
2020-06-29 10:53:07,1.023,0.39299999999999996,2.344,7.507000000000001,-8.85,-1.4040000000000001,4.47,-21.98,-38.85
2020-06-29 10:53:07,1.082,0.409,2.294,4.5169999999999995,-9.033,-1.831,4.58,-22.08,-38.88
2020-06-29 10:53:07,1.101,0.3,2.285,-0.183,-6.531000000000001,-1.465,4.64,-22.18,-38.9
2020-06-29 10:53:07,1.041,0.151,2.237,-4.761,-1.2819999999999998,-0.732,4.62,-22.22,-38.91
2020-06-29 10:53:07,0.9590000000000001,0.019,2.25,-7.751,4.7,0.183,4.54,-22.2,-38.9
2020-06-29 10:53:07,0.872,-0.07400000000000001,2.293,-6.836,9.338,1.16,4.42,-22.12,-38.89
2020-06-29 10:53:07,0.7959999999999999,-0.051,2.2769999999999997,-3.662,9.949,1.892,4.31,-22.01,-38.85
2020-06-29 10:53:07,0.765,0.098,2.364,0.7929999999999999,6.5920000000000005,1.831,4.25,-21.92,-38.83
2020-06-29 10:53:07,0.8290000000000001,0.258,2.346,5.737,0.977,0.8540000000000001,4.28,-21.87,-38.82
2020-06-29 10:53:07,0.9470000000000001,0.38799999999999996,2.372,8.362,-5.676,-0.488,4.39,-21.9,-38.83
2020-06-29 10:53:07,1.044,0.42700000000000005,2.343,6.775,-9.338,-1.587,4.52,-21.98,-38.85
2020-06-29 10:53:07,1.107,0.374,2.281,3.418,-8.911,-1.831,4.62,-22.09,-38.88
2020-06-29 10:53:07,1.081,0.262,2.276,-1.465,-5.553999999999999,-1.3430000000000002,4.66,-22.18,-38.9
2020-06-29 10:53:07,1.011,0.10400000000000001,2.231,-5.737,0.0,-0.61,4.63,-22.21,-38.91
2020-06-29 10:53:07,0.9420000000000001,-0.03,2.25,-8.118,5.615,0.305,4.52,-22.18,-38.9
2020-06-29 10:53:07,0.866,-0.061,2.2969999999999997,-6.5920000000000005,9.583,1.3430000000000002,4.39,-22.09,-38.88
2020-06-29 10:53:07,0.773,0.006999999999999999,2.325,-2.93,9.583,1.831,4.3,-21.98,-38.85
2020-06-29 10:53:07,0.7709999999999999,0.14,2.339,1.77,5.31,1.465,4.26,-21.89,-38.83
2020-06-29 10:53:07,0.863,0.261,2.358,6.226,-0.732,0.42700000000000005,4.32,-21.86,-38.83
2020-06-29 10:53:07,0.977,0.36700000000000005,2.354,8.179,-6.957999999999999,-0.9159999999999999,4.42,-21.91,-38.84
2020-06-29 10:53:07,1.05,0.418,2.32,6.47,-9.521,-1.77,4.54,-22.01,-38.87
2020-06-29 10:53:07,1.099,0.368,2.292,2.563,-8.362,-1.892,4.64,-22.11,-38.9
2020-06-29 10:53:08,1.08,0.22,2.253,-2.319,-4.5169999999999995,-1.2209999999999999,4.66,-22.19,-38.91
2020-06-29 10:53:08,0.986,0.1,2.244,-6.348,1.526,-0.42700000000000005,4.61,-22.2,-38.91
2020-06-29 10:53:08,0.9129999999999999,-0.038,2.2569999999999997,-7.813,6.775,0.61,4.51,-22.15,-38.9
2020-06-29 10:53:08,0.865,-0.10300000000000001,2.2880000000000003,-6.042000000000001,9.888,1.526,4.38,-22.06,-38.88
2020-06-29 10:53:08,0.789,-0.012,2.315,-1.892,8.972000000000001,2.0140000000000002,4.28,-21.95,-38.85
2020-06-29 10:53:08,0.7809999999999999,0.179,2.352,3.113,4.272,1.587,4.26,-21.88,-38.83
2020-06-29 10:53:08,0.8740000000000001,0.322,2.375,7.141,-1.892,0.366,4.33,-21.86,-38.83
2020-06-29 10:53:08,1.01,0.395,2.329,7.996,-7.629,-0.9159999999999999,4.45,-21.92,-38.84
2020-06-29 10:53:08,1.083,0.4,2.333,5.676,-9.583,-1.709,4.57,-22.03,-38.87
2020-06-29 10:53:08,1.097,0.332,2.267,1.3430000000000002,-7.629,-1.6480000000000001,4.64,-22.13,-38.89
2020-06-29 10:53:08,1.091,0.151,2.235,-3.3569999999999998,-3.3569999999999998,-1.099,4.65,-22.19,-38.91
2020-06-29 10:53:08,1.0,0.024,2.253,-7.263,2.563,-0.183,4.57,-22.2,-38.91
2020-06-29 10:53:08,0.867,-0.005,2.27,-7.324,7.935,0.7929999999999999,4.45,-22.14,-38.89
2020-06-29 10:53:08,0.8029999999999999,-0.028999999999999998,2.3169999999999997,-5.127000000000001,10.071,1.587,4.35,-22.03,-38.87
2020-06-29 10:53:08,0.794,0.009000000000000001,2.307,-1.16,8.24,1.892,4.27,-21.92,-38.84
2020-06-29 10:53:08,0.82,0.157,2.346,3.906,2.8689999999999998,1.2209999999999999,4.27,-21.87,-38.83
2020-06-29 10:53:08,0.903,0.33,2.364,7.69,-3.4789999999999996,0.0,4.34,-21.87,-38.83
2020-06-29 10:53:08,1.011,0.424,2.333,7.751,-8.362,-1.3430000000000002,4.46,-21.95,-38.85
2020-06-29 10:53:08,1.089,0.43200000000000005,2.324,5.005,-9.521,-1.892,4.58,-22.05,-38.88
2020-06-29 10:53:08,1.112,0.309,2.273,0.183,-7.019,-1.587,4.65,-22.14,-38.9
2020-06-29 10:53:08,1.063,0.151,2.231,-4.578,-2.197,-0.8540000000000001,4.64,-22.2,-38.91
2020-06-29 10:53:08,0.992,-0.006999999999999999,2.235,-7.69,3.845,0.0,4.55,-22.2,-38.91
2020-06-29 10:53:08,0.885,-0.078,2.28,-7.202000000000001,8.728,1.099,4.43,-22.13,-38.89
2020-06-29 10:53:08,0.8,-0.03,2.296,-4.15,9.949,1.831,4.31,-22.02,-38.86
2020-06-29 10:53:08,0.772,0.098,2.35,0.0,7.202000000000001,1.892,4.25,-21.92,-38.84
2020-06-29 10:53:08,0.833,0.237,2.352,5.127000000000001,1.526,0.977,4.28,-21.87,-38.82
