Drive_End,Fan_End,Label
-0.0779688622754491,0.0452,0.36mm_IF
0.0030862674650698604,-0.02629818181818181,0.36mm_IF
-0.08154243512974052,0.07396363636363636,0.36mm_IF
-0.17429289421157684,0.010889090909090907,0.36mm_IF
0.03232459081836326,-0.03143454545454545,0.36mm_IF
0.08381652694610779,0.09224909090909092,0.36mm_IF
0.05506550898203592,-0.06512909090909091,0.36mm_IF
0.0882022754491018,0.09615272727272728,0.36mm_IF
0.03443624750499002,0.02938,0.36mm_IF
0.014944031936127743,-0.10334363636363636,0.36mm_IF
-0.030537804391217564,0.008012727272727272,0.36mm_IF
-0.07764399201596807,-0.061841818181818185,0.36mm_IF
-0.1078569261477046,0.021983636363636358,0.36mm_IF
-0.0737455489021956,0.037598181818181815,0.36mm_IF
0.08479113772455091,0.0402690909090909,0.36mm_IF
0.021116566866267464,0.017874545454545452,0.36mm_IF
-0.035410858283433135,0.0538290909090909,0.36mm_IF
0.12881105788423153,0.057116363636363625,0.36mm_IF
-0.05587768463073852,-0.006985454545454546,0.36mm_IF
-0.18273952095808385,0.08115454545454545,0.36mm_IF
0.13595820359281438,0.11464363636363635,0.36mm_IF
0.0607507385229541,0.016025454545454544,0.36mm_IF
-0.20905401197604792,0.07314181818181817,0.36mm_IF
0.07504502994011976,0.04787090909090909,0.36mm_IF
0.28897209580838323,-0.02383272727272728,0.36mm_IF
-0.0890144510978044,0.12368363636363636,0.36mm_IF
-0.15886155688622755,0.009450909090909091,0.36mm_IF
0.13335924151696604,0.023010909090909092,0.36mm_IF
0.0505173253493014,0.10950727272727273,0.36mm_IF
-0.15967373253493014,0.027325454545454545,0.36mm_IF
0.0014619161676646707,-0.002876363636363636,0.36mm_IF
0.12231365269461078,-0.0041090909090909095,0.36mm_IF
-0.09291289421157684,-0.016847272727272728,0.36mm_IF
0.013319680638722554,-0.04437818181818182,0.36mm_IF
0.20515556886227546,-0.03102363636363636,0.36mm_IF
-0.08154243512974052,0.07108727272727272,0.36mm_IF
-0.3305554890219561,0.07766181818181818,0.36mm_IF
-0.01705568862275449,0.022805454545454545,0.36mm_IF
0.10119708582834333,0.03739272727272727,0.36mm_IF
-0.08495357285429142,0.01664181818181818,0.36mm_IF
-0.02615205588822355,-0.04232363636363636,0.36mm_IF
0.0994102994011976,-0.008423636363636364,0.36mm_IF
0.07829373253493015,0.11649272727272725,0.36mm_IF
-0.035735728542914166,-0.14505090909090906,0.36mm_IF
0.015268902195608782,-0.07848363636363635,0.36mm_IF
-0.005360359281437126,0.08546909090909091,0.36mm_IF
-0.07894347305389221,-0.0786890909090909,0.36mm_IF
-0.08803984031936128,0.11998545454545452,0.36mm_IF
0.021116566866267464,0.08423636363636364,0.36mm_IF
0.1317348902195609,0.07725090909090909,0.36mm_IF
0.01835516966067864,0.18901818181818186,0.36mm_IF
0.0248525748502994,-0.05814363636363636,0.36mm_IF
0.07910590818363272,0.0895781818181818,0.36mm_IF
0.011695329341317366,0.13888727272727272,0.36mm_IF
-0.05782690618762475,0.007190909090909091,0.36mm_IF
-0.06221265469061876,0.07971636363636364,0.36mm_IF
0.04158339321357285,0.0006163636363636364,0.36mm_IF
0.11175536926147704,0.006985454545454546,0.36mm_IF
0.06935980039920159,-0.006985454545454546,0.36mm_IF
0.05327872255489022,0.06923818181818181,0.36mm_IF
0.06724814371257484,0.0918381818181818,0.36mm_IF
-0.0038984431137724547,0.11793090909090907,0.36mm_IF
-0.01591864271457086,0.07827818181818183,0.36mm_IF
0.042720439121756486,0.061430909090909085,0.36mm_IF
-0.028588582834331338,0.14237999999999998,0.36mm_IF
-0.04596914171656687,-0.004520000000000001,0.36mm_IF
0.04840566866267465,0.030407272727272724,0.36mm_IF
0.03914686626746506,0.07889454545454545,0.36mm_IF
0.030537804391217564,-0.009245454545454545,0.36mm_IF
0.0565274251497006,-0.045816363636363634,0.36mm_IF
-0.0607507385229541,0.09471454545454544,0.36mm_IF
-0.1525265868263473,0.1058090909090909,0.36mm_IF
-0.02940075848303393,0.025887272727272724,0.36mm_IF
-0.01104558882235529,0.053418181818181816,0.36mm_IF
-0.019492215568862273,-0.04869272727272727,0.36mm_IF
0.1825770858283433,0.02403818181818182,0.36mm_IF
0.13920690618762474,0.061430909090909085,0.36mm_IF
-0.06773544910179641,-0.032667272727272725,0.36mm_IF
0.03898443113772455,0.05465090909090909,0.36mm_IF
0.12621209580838322,-0.009040000000000001,0.36mm_IF
-0.1705568862275449,-0.05259636363636363,0.36mm_IF
-0.24007912175648705,0.02938,0.36mm_IF
0.07634451097804391,0.05095272727272727,0.36mm_IF
0.010558283433133732,0.04787090909090909,0.36mm_IF
-0.19475972055888224,0.033694545454545456,0.36mm_IF
0.021603872255489025,0.07622363636363635,0.36mm_IF
0.21880011976047906,0.02116181818181818,0.36mm_IF
0.034923552894211576,0.1144381818181818,0.36mm_IF
-0.10509552894211577,0.09800181818181818,0.36mm_IF
0.0019492215568862282,0.028969090909090906,0.36mm_IF
0.035410858283433135,0.12203999999999998,0.36mm_IF
0.006172534930139721,-0.023627272727272733,0.36mm_IF
0.09080123752495008,-0.12142363636363634,0.36mm_IF
0.07472015968063872,0.02527090909090909,0.36mm_IF
-0.06935980039920159,0.0741690909090909,0.36mm_IF
0.044344790419161666,-0.031845454545454545,0.36mm_IF
0.06676083832335329,0.12512181818181814,0.36mm_IF
-0.1599986027944112,0.11957454545454545,0.36mm_IF
-0.08836471057884232,0.004314545454545455,0.36mm_IF
0.039471736526946105,0.0452,0.36mm_IF
-0.014781596806387225,0.05259636363636363,0.36mm_IF
-0.01673081836327345,-0.002465454545454545,0.36mm_IF
0.04873053892215569,-0.113,0.36mm_IF
0.02712666666666667,0.09697454545454544,0.36mm_IF
-0.03703520958083832,-0.017052727272727268,0.36mm_IF
-0.041908263473053896,-0.11813636363636362,0.36mm_IF
-0.14294291417165667,0.14895454545454545,0.36mm_IF
-0.16340974051896207,-0.04109090909090909,0.36mm_IF
0.017380558882235532,-0.008834545454545454,0.36mm_IF
0.11630355289421156,0.055267272727272734,0.36mm_IF
0.03313676646706587,-0.07971636363636364,0.36mm_IF
0.016405948103792416,-0.03554363636363636,0.36mm_IF
0.16146051896207586,0.061841818181818185,0.36mm_IF
0.04775592814371258,0.010889090909090907,0.36mm_IF
-0.0951869860279441,-0.1261490909090909,0.36mm_IF
-0.013482115768463074,0.07314181818181817,0.36mm_IF
-0.01868003992015968,-0.040885454545454544,0.36mm_IF
-0.013319680638722554,-0.009861818181818182,0.36mm_IF
0.05880151696606786,0.15450181818181818,0.36mm_IF
0.07163389221556887,-0.017874545454545452,0.36mm_IF
-0.0064974051896207604,0.09307090909090908,0.36mm_IF
0.012020199600798405,0.13046363636363634,0.36mm_IF
0.04337017964071856,0.08998909090909091,0.36mm_IF
-0.061562914171656685,0.16600727272727273,0.36mm_IF
-0.08755253493013973,0.057321818181818175,0.36mm_IF
-0.0032487025948103802,-0.05670545454545455,0.36mm_IF
0.07845616766467066,0.10375454545454543,0.36mm_IF
0.09128854291417167,0.12491636363636364,0.36mm_IF
0.06172534930139721,-0.05115818181818182,0.36mm_IF
0.07731912175648703,0.11567090909090907,0.36mm_IF
0.03784738522954092,0.13847636363636362,0.36mm_IF
-0.08154243512974052,0.00020545454545454542,0.36mm_IF
-0.0969737724550898,0.19723636363636365,0.36mm_IF
-0.0154313373253493,0.023421818181818186,0.36mm_IF
0.0334616367265469,-0.09081090909090908,0.36mm_IF
-0.00795932135728543,0.04006363636363637,0.36mm_IF
0.0154313373253493,-0.006163636363636363,0.36mm_IF
0.12133904191616765,0.046021818181818185,0.36mm_IF
0.04060878243512974,-0.034927272727272723,0.36mm_IF
-0.09583672654690616,-0.02013454545454545,0.36mm_IF
-0.061400479041916166,0.045816363636363634,0.36mm_IF
-0.01104558882235529,0.029585454545454543,0.36mm_IF
-0.10509552894211577,0.05259636363636363,0.36mm_IF
-0.06026343313373254,-0.05259636363636363,0.36mm_IF
0.20564287425149694,-0.02938,0.36mm_IF
0.1096437125748503,0.013149090909090907,0.36mm_IF
-0.08544087824351297,0.033489090909090906,0.36mm_IF
-0.016568383233532942,-0.04869272727272727,0.36mm_IF
0.04531940119760479,-0.007601818181818181,0.36mm_IF
-0.09112610778443114,0.07108727272727272,0.36mm_IF
-0.21636359281437129,-0.09800181818181818,0.36mm_IF
-0.02209117764471058,0.18963454545454544,0.36mm_IF
0.11955225548902194,0.08259272727272728,0.36mm_IF
0.02940075848303393,-0.02855818181818182,0.36mm_IF
0.02940075848303393,0.2432581818181818,0.36mm_IF
0.205318003992016,0.16641818181818185,0.36mm_IF
0.08998906187624751,0.1532690909090909,0.36mm_IF
-0.18907449101796409,0.057116363636363625,0.36mm_IF
-0.10915640718562873,0.039241818181818176,0.36mm_IF
0.540259241516966,0.02403818181818182,0.36mm_IF
0.2780889421157685,-0.01725818181818182,0.36mm_IF
-0.9218193612774452,0.03451636363636364,0.36mm_IF
-0.2683428343313373,0.12347818181818182,0.36mm_IF
1.1550762075848304,0.02629818181818181,0.36mm_IF
0.14960275449101795,-0.07971636363636364,0.36mm_IF
-1.4157845908183633,0.0538290909090909,0.36mm_IF
-0.01932978043912176,0.17114363636363633,0.36mm_IF
0.8547336526946108,0.009450909090909091,0.36mm_IF
-0.4129100998003992,-0.09368727272727273,0.36mm_IF
-0.17770403193612774,-0.1551181818181818,0.36mm_IF
0.3594689421157685,-0.15902181818181815,0.36mm_IF
-0.30554047904191617,0.20463272727272727,0.36mm_IF
0.005522794411177645,-0.21182363636363635,0.36mm_IF
0.7761150499001995,-0.07889454545454545,0.36mm_IF
-0.4062502594810379,0.22949272727272724,0.36mm_IF
-1.019118003992016,-0.16066545454545456,0.36mm_IF
0.6219641117764471,0.0006163636363636364,0.36mm_IF
0.9788340918163672,-0.0008218181818181817,0.36mm_IF
-0.5025742914171657,0.11793090909090907,0.36mm_IF
-0.5672234730538922,-0.11320545454545455,0.36mm_IF
0.7629578043912175,0.023010909090909092,0.36mm_IF
0.5495180439121756,0.19292181818181814,0.36mm_IF
-0.599710499001996,-0.3622163636363637,0.36mm_IF
-0.3401391616766467,0.19251090909090907,0.36mm_IF
0.06903493013972056,0.12039636363636362,0.36mm_IF
-0.2551855888223553,0.0918381818181818,0.36mm_IF
-0.1705568862275449,0.16498,0.36mm_IF
0.1593488622754491,-0.06389636363636363,0.36mm_IF
0.10395848303393214,0.56726,0.36mm_IF
0.049380279441117766,0.06122545454545455,0.36mm_IF
0.24056642714570856,0.10560363636363636,0.36mm_IF
0.20613017964071856,0.15840545454545454,0.36mm_IF
0.020954131736526948,0.06800545454545455,0.36mm_IF
-0.11078075848303394,0.057321818181818175,0.36mm_IF
-0.0916134131736527,-0.3562581818181818,0.36mm_IF
-0.013157245508982037,0.1766909090909091,0.36mm_IF
0.011857764471057885,-0.12388909090909092,0.36mm_IF
0.059938562874251484,-0.07478545454545454,0.36mm_IF
0.05685229540918164,0.15922727272727272,0.36mm_IF
-0.050842195608782434,0.07108727272727272,0.36mm_IF
-0.11549137724550898,0.1360109090909091,0.36mm_IF
0.06773544910179641,-0.08341454545454545,0.36mm_IF
0.16487165668662673,0.0538290909090909,0.36mm_IF
-0.10070978043912177,-0.1035490909090909,0.36mm_IF
-0.17624211576846308,-0.09985090909090907,0.36mm_IF
0.16763305389221558,-0.08156545454545455,0.36mm_IF
0.2662311776447106,-0.08382545454545455,0.36mm_IF
-0.09388750499001997,0.17114363636363633,0.36mm_IF
-0.2472262674650699,-0.12101272727272724,0.36mm_IF
0.011857764471057885,0.10478181818181816,0.36mm_IF
0.05506550898203592,0.3217418181818182,0.36mm_IF
-0.0071471457085828345,-0.07622363636363635,0.36mm_IF
-0.006172534930139721,-0.06656727272727272,0.36mm_IF
0.04012147704590819,0.1189581818181818,0.36mm_IF
0.1517144111776447,0.0628690909090909,0.36mm_IF
0.05604011976047904,-0.18984,0.36mm_IF
-0.1533387624750499,0.04150181818181818,0.36mm_IF
-0.1663335728542914,0.07622363636363635,0.36mm_IF
-0.008609061876247505,0.04787090909090909,0.36mm_IF
-0.16357217564870258,0.22250727272727272,0.36mm_IF
-0.22643457085828345,0.2457236363636364,0.36mm_IF
0.09323776447105787,0.2200418181818181,0.36mm_IF
0.2399166866267465,0.11977999999999996,0.36mm_IF
0.1002224750499002,0.15676181818181814,0.36mm_IF
0.04840566866267465,0.1166981818181818,0.36mm_IF
0.15788694610778442,0.11115090909090908,0.36mm_IF
0.006822275449101796,-0.10622000000000001,0.36mm_IF
-0.22692187624750496,-0.11176727272727273,0.36mm_IF
-0.06773544910179641,-0.034105454545454536,0.36mm_IF
0.055715249500997995,-0.11628727272727273,0.36mm_IF
-0.2290335329341317,0.0022600000000000003,0.36mm_IF
-0.07390798403193613,-0.04068,0.36mm_IF
0.4307779640718563,0.07006,0.36mm_IF
0.10996858283433134,0.1682672727272727,0.36mm_IF
-0.3204845109780439,-0.03718727272727273,0.36mm_IF
0.01997952095808383,-0.008012727272727272,0.36mm_IF
0.22318586826347306,-0.030407272727272724,0.36mm_IF
-0.2114905389221557,-0.18162181818181816,0.36mm_IF
-0.35719485029940123,-0.21593272727272728,0.36mm_IF
0.1738055888223553,0.018901818181818183,0.36mm_IF
0.23147005988023955,-0.07108727272727272,0.36mm_IF
-0.21311489021956087,-0.13128545454545454,0.36mm_IF
-0.059938562874251484,0.2896909090909091,0.36mm_IF
0.3365655888223553,0.12039636363636362,0.36mm_IF
-0.034273812375249506,0.08649636363636364,0.36mm_IF
-0.3442000399201597,0.046021818181818185,0.36mm_IF
0.10006003992015967,-0.020545454545454544,0.36mm_IF
0.23601824351297404,0.015614545454545454,0.36mm_IF
-0.13758255489021956,-0.0016436363636363634,0.36mm_IF
-0.18111516966067864,0.019723636363636363,0.36mm_IF
0.18436387225548906,-0.019723636363636363,0.36mm_IF
0.10769449101796408,0.18100545454545447,0.36mm_IF
-0.2520993213572855,0.21613818181818176,0.36mm_IF
-0.12377556886227545,0.22353454545454546,0.36mm_IF
0.17786646706586826,0.1808,0.36mm_IF
0.09469968063872257,0.08300363636363636,0.36mm_IF
0.006334970059880239,0.008012727272727272,0.36mm_IF
0.2274091816367265,0.02527090909090909,0.36mm_IF
0.20564287425149694,0.06451272727272726,0.36mm_IF
-0.01461916167664671,-0.23606727272727274,0.36mm_IF
-0.0035735728542914172,-0.1586109090909091,0.36mm_IF
0.03232459081836326,0.18306,0.36mm_IF
-0.14099369261477046,-0.040885454545454544,0.36mm_IF
-0.2478760079840319,-0.04910363636363636,0.36mm_IF
0.002598962075848303,0.05567818181818181,0.36mm_IF
0.2262721357285429,0.06430727272727273,0.36mm_IF
0.06286239520958083,0.2023727272727273,0.36mm_IF
-0.08235461077844311,0.07088181818181817,0.36mm_IF
0.09924786427145707,-0.06081454545454545,0.36mm_IF
0.12523748502994012,0.03102363636363636,0.36mm_IF
-0.1439175249500998,-0.04663818181818182,0.36mm_IF
-0.17786646706586826,-0.2247672727272728,0.36mm_IF
-0.01851760479041916,0.039652727272727284,0.36mm_IF
0.029238323353293405,0.008834545454545454,0.36mm_IF
0.02615205588822355,-0.13231272727272728,0.36mm_IF
0.12442530938123753,0.24387454545454545,0.36mm_IF
0.15512554890219565,0.22949272727272724,0.36mm_IF
-0.0027613972055888225,0.08382545454545455,0.36mm_IF
-0.13205976047904192,0.18737454545454546,0.36mm_IF
-0.06919736526946108,0.06040363636363636,0.36mm_IF
0.041908263473053896,-0.05280181818181818,0.36mm_IF
-0.057177165668662676,-0.04068,0.36mm_IF
-0.07780642714570858,-0.04766545454545455,0.36mm_IF
0.08950175648702595,-0.010272727272727272,0.36mm_IF
0.07390798403193613,0.12142363636363634,0.36mm_IF
-0.03297433133732535,0.1189581818181818,0.36mm_IF
0.005197924151696606,0.1678563636363636,0.36mm_IF
0.0787810379241517,0.2635981818181818,0.36mm_IF
-0.06952223552894213,0.11649272727272725,0.36mm_IF
-0.2322822355289421,0.002670909090909091,0.36mm_IF
0.058151776447105785,0.036776363636363635,0.36mm_IF
0.34355029940119763,0.0895781818181818,0.36mm_IF
0.1138670259481038,-0.1999072727272727,0.36mm_IF
-0.08170487025948102,-0.1088909090909091,0.36mm_IF
0.13579576846307384,0.19641454545454545,0.36mm_IF
0.11159293413173653,0.02075090909090909,0.36mm_IF
-0.2262721357285429,-0.002876363636363636,0.36mm_IF
-0.18647552894211566,0.05054181818181818,0.36mm_IF
0.04353261477045908,0.057732727272727276,0.36mm_IF
-0.022903353293413174,-0.06327999999999999,0.36mm_IF
-0.12653696606786427,-0.0030818181818181817,0.36mm_IF
0.06806031936127745,0.021983636363636358,0.36mm_IF
0.15301389221556885,-0.0606090909090909,0.36mm_IF
-0.05490307385229541,0.039652727272727284,0.36mm_IF
-0.16470922155688622,-0.09368727272727273,0.36mm_IF
-0.05636499001996007,0.08505818181818181,0.36mm_IF
-0.006334970059880239,0.059992727272727274,0.36mm_IF
-0.07959321357285429,-0.05506181818181818,0.36mm_IF
-0.013806986027944113,0.10190545454545454,0.36mm_IF
0.18208978043912166,0.023216363636363632,0.36mm_IF
0.0934001996007984,0.045816363636363634,0.36mm_IF
-0.1275115768463074,-0.002876363636363636,0.36mm_IF
-0.0008121756487025947,0.10909636363636364,0.36mm_IF
-0.03329920159680639,-0.02034,0.36mm_IF
-0.2574596806387225,-0.09286545454545453,0.36mm_IF
-0.05019245508982036,0.03102363636363636,0.36mm_IF
0.2244853493013972,-0.09779636363636364,0.36mm_IF
0.061887784431137724,0.10930181818181818,0.36mm_IF
-0.06221265469061876,0.046021818181818185,0.36mm_IF
0.1949221556886228,0.14094181818181814,0.36mm_IF
0.2319573652694611,0.24161454545454544,0.36mm_IF
-0.0779688622754491,0.012327272727272728,0.36mm_IF
-0.18030299401197605,0.005136363636363636,0.36mm_IF
0.014944031936127743,0.043350909090909086,0.36mm_IF
0.054578203592814366,0.059992727272727274,0.36mm_IF
-0.038497125748503,-0.2042218181818181,0.36mm_IF
0.1018468263473054,0.018285454545454542,0.36mm_IF
0.12020199600798405,0.03102363636363636,0.36mm_IF
0.05165437125748503,-0.048487272727272726,0.36mm_IF
0.029238323353293405,0.21921999999999997,0.36mm_IF
-0.13433385229540915,0.018901818181818183,0.36mm_IF
-0.16146051896207586,0.2097690909090909,0.36mm_IF
-0.04060878243512974,0.03903636363636363,0.36mm_IF
-0.004060878243512974,-0.12697090909090908,0.36mm_IF
-0.016893253493013974,0.06451272727272726,0.36mm_IF
0.05896395209580839,-0.08916727272727272,0.36mm_IF
0.06935980039920159,-0.0041090909090909095,0.36mm_IF
-0.035898163672654686,0.005341818181818182,0.36mm_IF
-0.02176630738522954,0.027736363636363642,0.36mm_IF
-0.047918363273453085,0.005958181818181818,0.36mm_IF
-0.18225221556886229,0.04294,0.36mm_IF
-0.02257848303393213,0.0452,0.36mm_IF
0.1705568862275449,-0.05136363636363636,0.36mm_IF
0.10671988023952096,0.09882363636363636,0.36mm_IF
0.014944031936127743,-0.05424,0.36mm_IF
0.0873900998003992,-0.004520000000000001,0.36mm_IF
0.1413185628742515,0.06512909090909091,0.36mm_IF
-0.07731912175648703,-0.09266,0.36mm_IF
-0.14667892215568865,0.017874545454545452,0.36mm_IF
-0.010070978043912177,0.010683636363636364,0.36mm_IF
0.05262898203592815,0.05506181818181818,0.36mm_IF
0.031999720558882234,0.01623090909090909,0.36mm_IF
0.0934001996007984,0.09389272727272728,0.36mm_IF
0.12962323353293412,0.2584618181818182,0.36mm_IF
0.04548183632734532,0.11752,0.36mm_IF
0.02046682634730539,0.17977272727272728,0.36mm_IF
-0.05165437125748503,0.12799818181818182,0.36mm_IF
-0.07666938123752495,0.059170909090909087,0.36mm_IF
-0.049867584830339325,0.02444909090909091,0.36mm_IF
-0.013482115768463074,-0.09224909090909092,0.36mm_IF
0.05506550898203592,0.06122545454545455,0.36mm_IF
0.05181680638722555,0.005136363636363636,0.36mm_IF
0.04012147704590819,0.030407272727272724,0.36mm_IF
-0.0017867864271457086,0.11094545454545454,0.36mm_IF
-0.10655744510978044,0.05876,0.36mm_IF
-0.19151101796407186,0.1008781818181818,0.36mm_IF
-0.1721812375249501,0.002876363636363636,0.36mm_IF
-0.03833469061876248,-0.001849090909090909,0.36mm_IF
0.08073025948103793,-0.09985090909090907,0.36mm_IF
0.0976235129740519,-0.1008781818181818,0.36mm_IF
0.051329500998003985,0.001438181818181818,0.36mm_IF
0.08998906187624751,0.031229090909090908,0.36mm_IF
0.12669940119760478,0.017052727272727268,0.36mm_IF
-0.04320774451097805,-0.046432727272727264,0.36mm_IF
-0.18095273453093813,0.07704545454545454,0.36mm_IF
-0.11191780439121757,-0.009656363636363637,0.36mm_IF
0.02972562874251497,0.03800909090909091,0.36mm_IF
0.09193828343313372,0.07745636363636363,0.36mm_IF
0.0934001996007984,-0.01047818181818182,0.36mm_IF
0.1317348902195609,0.13477818181818182,0.36mm_IF
0.14521700598802395,0.02938,0.36mm_IF
0.0505173253493014,-0.0113,0.36mm_IF
-0.08722766467065868,0.08588,0.36mm_IF
-0.03817225548902197,-0.003698181818181818,0.36mm_IF
-0.03411137724550898,-0.00020545454545454542,0.36mm_IF
-0.19752111776447107,0.09759090909090908,0.36mm_IF
-0.031187544910179638,0.07149818181818181,0.36mm_IF
0.20515556886227546,0.08320909090909091,0.36mm_IF
0.03313676646706587,0.1921,0.36mm_IF
-0.13660794411177646,0.10498727272727272,0.36mm_IF
-0.00016243512974051897,0.0786890909090909,0.36mm_IF
0.0719587624750499,0.12409454545454544,0.36mm_IF
-0.0727709381237525,-0.09122181818181817,0.36mm_IF
-0.0497051497005988,-0.05567818181818181,0.36mm_IF
0.09957273453093812,0.04068,0.36mm_IF
0.01835516966067864,-0.1212181818181818,0.36mm_IF
-0.015106467065868262,-0.023627272727272733,0.36mm_IF
0.1372576846307385,0.059787272727272724,0.36mm_IF
0.006822275449101796,-0.0030818181818181817,0.36mm_IF
-0.2277340518962076,0.08177090909090909,0.36mm_IF
-0.08690279441117765,0.07766181818181818,0.36mm_IF
0.030537804391217564,0.027941818181818186,0.36mm_IF
-0.03638546906187625,0.07909999999999999,0.36mm_IF
0.03914686626746506,-0.07067636363636362,0.36mm_IF
0.1338465469061876,-0.11341090909090908,0.36mm_IF
0.15268902195608786,0.11176727272727273,0.36mm_IF
0.02550231536926148,-0.028352727272727283,0.36mm_IF
-0.14294291417165667,-0.08690727272727272,0.36mm_IF
-0.11451676646706585,0.05033636363636364,0.36mm_IF
-0.04840566866267465,-0.01356,0.36mm_IF
-0.13936934131736528,0.06656727272727272,0.36mm_IF
-0.1078569261477046,0.054856363636363634,0.36mm_IF
0.08576574850299401,0.06553999999999999,0.36mm_IF
0.0839789620758483,0.11649272727272725,0.36mm_IF
0.02176630738522954,-0.015819999999999997,0.36mm_IF
0.035410858283433135,0.0113,0.36mm_IF
0.01104558882235529,0.02568181818181818,0.36mm_IF
-0.09632403193612774,-0.053418181818181816,0.36mm_IF
-0.10574526946107783,-0.015614545454545454,0.36mm_IF
-0.01673081836327345,0.05074727272727272,0.36mm_IF
0.00016243512974051897,0.03595454545454545,0.36mm_IF
0.03671033932135728,0.10067272727272727,0.36mm_IF
0.1911861477045908,0.10724727272727272,0.36mm_IF
0.21798794411177644,0.031639999999999995,0.36mm_IF
-0.006822275449101796,0.11156181818181818,0.36mm_IF
-0.008771497005988024,0.08752363636363636,0.36mm_IF
0.16129808383233532,-0.016436363636363638,0.36mm_IF
0.049055409181636735,0.03533818181818182,0.36mm_IF
-0.11256754491017963,0.05670545454545455,0.36mm_IF
-0.0038984431137724547,-0.0452,0.36mm_IF
0.09193828343313372,0.04129636363636364,0.36mm_IF
-0.010720718562874251,0.08588,0.36mm_IF
-0.03817225548902197,0.007190909090909091,0.36mm_IF
-0.05766447105788424,0.0764290909090909,0.36mm_IF
-0.1565874650698603,0.11813636363636362,0.36mm_IF
-0.05181680638722555,0.09615272727272728,0.36mm_IF
0.06838518962075849,-0.0470490909090909,0.36mm_IF
-0.0376849500998004,-0.04294,0.36mm_IF
-0.035410858283433135,0.01849090909090909,0.36mm_IF
0.14944031936127744,-0.07129272727272727,0.36mm_IF
0.06578622754491018,-0.07375818181818182,0.36mm_IF
-0.15967373253493014,-0.03451636363636364,0.36mm_IF
-0.015268902195608782,0.017052727272727268,0.36mm_IF
-0.004873053892215568,0.031229090909090908,0.36mm_IF
-0.2426780838323353,0.12183454545454545,0.36mm_IF
-0.015593772455089819,0.09759090909090908,0.36mm_IF
0.26947988023952096,0.08218181818181818,0.36mm_IF
0.05441576846307385,0.1499818181818182,0.36mm_IF
-0.06741057884231537,-0.04622727272727272,0.36mm_IF
0.2256223952095809,0.0041090909090909095,0.36mm_IF
0.21538898203592816,0.10334363636363636,0.36mm_IF
-0.1645467864271457,-0.05937636363636362,0.36mm_IF
-0.19069884231536927,0.005547272727272727,0.36mm_IF
0.07715668662674653,0.18018363636363635,0.36mm_IF
0.04808079840319361,0.0967690909090909,0.36mm_IF
-0.12101417165668665,0.06718363636363636,0.36mm_IF
0.08446626746506987,0.18511454545454545,0.36mm_IF
0.2542109780439122,0.11176727272727273,0.36mm_IF
-0.01673081836327345,0.0583490909090909,0.36mm_IF
-0.14001908183632736,0.08033272727272728,0.36mm_IF
0.1421307385229541,0.006574545454545454,0.36mm_IF
0.08235461077844311,-0.0041090909090909095,0.36mm_IF
-0.3234083433133733,-0.006163636363636363,0.36mm_IF
-0.13205976047904192,-0.08300363636363636,0.36mm_IF
0.2339065868263473,0.01849090909090909,0.36mm_IF
0.01835516966067864,-0.0041090909090909095,0.36mm_IF
-0.20174443113772456,0.0012327272727272727,0.36mm_IF
0.0368727744510978,0.1216290909090909,0.36mm_IF
0.17266854291417166,0.07314181818181817,0.36mm_IF
-0.11938982035928145,0.0764290909090909,0.36mm_IF
-0.2038560878243513,0.003492727272727273,0.36mm_IF
-0.012345069860279442,-0.006985454545454546,0.36mm_IF
0.10509552894211577,0.039241818181818176,0.36mm_IF
0.1106183233532934,-0.08033272727272728,0.36mm_IF
0.05604011976047904,-0.08444181818181817,0.36mm_IF
0.011857764471057885,0.0447890909090909,0.36mm_IF
-0.017542994011976048,-0.011505454545454544,0.36mm_IF
0.05961369261477046,-0.06451272727272726,0.36mm_IF
0.06562379241516966,0.08012727272727273,0.36mm_IF
-0.20775453093812374,0.04807636363636364,0.36mm_IF
-0.2301705788423153,0.028352727272727283,0.36mm_IF
0.12296339321357284,0.05588363636363637,0.36mm_IF
0.13871960079840318,-0.009656363636363637,0.36mm_IF
-0.17104419161676646,0.10067272727272727,0.36mm_IF
-0.04337017964071856,0.006574545454545454,0.36mm_IF
0.21360219560878246,0.06040363636363636,0.36mm_IF
-0.09746107784431138,0.09081090909090908,0.36mm_IF
-0.14602918163672654,0.08403090909090909,0.36mm_IF
0.08040538922155689,0.11690363636363635,0.36mm_IF
-0.0032487025948103802,-0.06492363636363636,0.36mm_IF
-0.01721812375249501,0.113,0.36mm_IF
0.12491261477045908,-0.10375454545454543,0.36mm_IF
0.2022317365269461,-0.09142727272727272,0.36mm_IF
0.1010346506986028,0.14525636363636366,0.36mm_IF
0.04125852295409182,-0.07951090909090908,0.36mm_IF
0.004548183632734531,0.1193690909090909,0.36mm_IF
-0.11679085828343312,0.05691090909090909,0.36mm_IF
-0.0445072255489022,0.05115818181818182,0.36mm_IF
0.0934001996007984,0.03862545454545455,0.36mm_IF
0.0154313373253493,-0.07006,0.36mm_IF
-0.14602918163672654,0.15655636363636366,0.36mm_IF
-0.09404994011976048,-0.02938,0.36mm_IF
0.11078075848303394,0.014587272727272728,0.36mm_IF
-0.016081077844311373,-0.021983636363636358,0.36mm_IF
-0.25047497005988023,0.04910363636363636,0.36mm_IF
-0.17104419161676646,0.058965454545454536,0.36mm_IF
0.05067976047904192,-0.05937636363636362,0.36mm_IF
0.05847664670658681,0.10005636363636364,0.36mm_IF
-0.034273812375249506,-0.04458363636363636,0.36mm_IF
0.1018468263473054,0.10293272727272727,0.36mm_IF
0.13839473053892215,-0.0030818181818181817,0.36mm_IF
0.04824323353293414,0.027736363636363642,0.36mm_IF
0.0523041117764471,0.15799454545454544,0.36mm_IF
0.02501500998003992,-0.007807272727272727,0.36mm_IF
-0.06302483033932138,0.09327636363636364,0.36mm_IF
0.015593772455089819,-0.07807272727272728,0.36mm_IF
0.18225221556886229,-0.02383272727272728,0.36mm_IF
0.1138670259481038,0.05567818181818181,0.36mm_IF
0.006172534930139721,-0.07745636363636363,0.36mm_IF
0.06448674650698602,0.05608909090909092,0.36mm_IF
0.14505457085828344,0.057732727272727276,0.36mm_IF
0.0402839121756487,0.06040363636363636,0.36mm_IF
-0.1406688223552894,0.07622363636363635,0.36mm_IF
-0.09372506986027944,0.09266,0.36mm_IF
0.12962323353293412,0.07190909090909091,0.36mm_IF
0.12491261477045908,0.09389272727272728,0.36mm_IF
-0.06611109780439121,0.14279090909090908,0.36mm_IF
-0.062050219560878236,0.02712,0.36mm_IF
0.020791696606786425,0.15943272727272728,0.36mm_IF
-0.008446626746506987,0.20319454545454546,0.36mm_IF
-0.18874962075848306,0.010067272727272723,0.36mm_IF
-0.1746177644710579,0.06307454545454545,0.36mm_IF
0.0196546506986028,0.13005272727272724,0.36mm_IF
-0.025664750499002003,-0.1076581818181818,0.36mm_IF
-0.053928463073852295,0.010067272727272723,0.36mm_IF
0.030537804391217564,0.07252545454545453,0.36mm_IF
0.01803029940119761,-0.12265636363636362,0.36mm_IF
-0.06497405189620759,0.09019454545454544,0.36mm_IF
-0.0994102994011976,0.003492727272727273,0.36mm_IF
-0.05945125748502994,-0.03883090909090909,0.36mm_IF
-0.01461916167664671,0.0452,0.36mm_IF
0.049867584830339325,-0.06903272727272727,0.36mm_IF
0.0761820758483034,-0.03718727272727273,0.36mm_IF
0.042395568862275454,-0.04972,0.36mm_IF
-0.0436950499001996,-0.058965454545454536,0.36mm_IF
0.1182527744510978,-0.058965454545454536,0.36mm_IF
0.201581996007984,-0.041707272727272725,0.36mm_IF
-0.35004770459081835,-0.06553999999999999,0.36mm_IF
-0.3823722954091816,0.034927272727272723,0.36mm_IF
0.3277940918163673,0.05095272727272727,0.36mm_IF
0.3091140518962076,-0.026709090909090908,0.36mm_IF
-0.43288962075848303,0.0918381818181818,0.36mm_IF
-0.07309580838323354,0.07149818181818181,0.36mm_IF
0.4358134530938124,0.10642545454545453,0.36mm_IF
-0.03654790419161677,0.19230545454545456,0.36mm_IF
-0.07017197604790419,0.010683636363636364,0.36mm_IF
-0.0368727744510978,-0.05074727272727272,0.36mm_IF
-0.04060878243512974,0.2266163636363636,0.36mm_IF
0.12669940119760478,0.002465454545454545,0.36mm_IF
0.1515519760479042,-0.03246181818181818,0.36mm_IF
-0.07439528942115768,0.1247109090909091,0.36mm_IF
0.006659840319361277,-0.03451636363636364,0.36mm_IF
0.3234083433133733,0.13087454545454547,0.36mm_IF
0.011532894211576843,0.030407272727272724,0.36mm_IF
-0.21587628742514967,0.07047090909090907,0.36mm_IF
-0.10834423153692617,0.01356,0.36mm_IF
0.0038984431137724547,-0.07190909090909091,0.36mm_IF
0.01575620758483034,0.029996363636363637,0.36mm_IF
-0.0565274251497006,-0.14176363636363634,0.36mm_IF
-0.046943752495009976,0.08115454545454545,0.36mm_IF
-0.07407041916167664,-0.08608545454545455,0.36mm_IF
0.04726862275449102,-0.037598181818181815,0.36mm_IF
0.15512554890219565,0.20011272727272728,0.36mm_IF
-0.2433278243512974,-0.18490909090909088,0.36mm_IF
-0.16584626746506986,0.1125890909090909,0.36mm_IF
0.3149617165668663,-0.0805381818181818,0.36mm_IF
0.1988205988023952,-0.03554363636363636,0.36mm_IF
-0.10574526946107783,0.09224909090909092,0.36mm_IF
0.0027613972055888225,-0.16991090909090908,0.36mm_IF
0.3100886626746507,0.2399709090909091,0.36mm_IF
0.011695329341317366,-0.15142,0.36mm_IF
-0.24625165668662674,0.028352727272727283,0.36mm_IF
-0.03671033932135728,0.17011636363636362,0.36mm_IF
0.031025109780439118,0.04068,0.36mm_IF
-0.1018468263473054,0.14135272727272727,0.36mm_IF
-0.062375089820359275,-0.052185454545454535,0.36mm_IF
0.15723720558882234,0.3120854545454545,0.36mm_IF
0.1405063872255489,0.12039636363636362,0.36mm_IF
0.03297433133732535,0.10375454545454543,0.36mm_IF
-0.06627353293413174,0.17607454545454546,0.36mm_IF
-0.058151776447105785,0.11772545454545455,0.36mm_IF
-0.01900491017964072,0.2457236363636364,0.36mm_IF
-0.05490307385229541,-0.18347090909090907,0.36mm_IF
0.01575620758483034,0.13046363636363634,0.36mm_IF
0.09616159680638722,0.07992181818181819,0.36mm_IF
0.06724814371257484,-0.13929818181818182,0.36mm_IF
0.008771497005988024,0.2732545454545454,0.36mm_IF
0.16243512974051896,-0.09717999999999999,0.36mm_IF
0.06676083832335329,0.01664181818181818,0.36mm_IF
-0.26736822355289425,0.002876363636363636,0.36mm_IF
-0.04418235528942116,-0.08238727272727273,0.36mm_IF
0.24056642714570856,0.06492363636363636,0.36mm_IF
-0.04044634730538922,-0.13827090909090908,0.36mm_IF
-0.18225221556886229,-0.014792727272727272,0.36mm_IF
0.2244853493013972,-0.03307818181818182,0.36mm_IF
0.2486881836327345,0.13190181818181818,0.36mm_IF
-0.1996327744510978,-0.014998181818181815,0.36mm_IF
-0.16812035928143715,-0.04787090909090909,0.36mm_IF
0.15382606786427147,0.18018363636363635,0.36mm_IF
-0.015593772455089819,-0.04006363636363637,0.36mm_IF
-0.2634697804391218,-0.0402690909090909,0.36mm_IF
0.07017197604790419,0.018285454545454542,0.36mm_IF
0.21441437125748505,0.04663818181818182,0.36mm_IF
-0.17965325349301395,-0.03287272727272728,0.36mm_IF
-0.1962216367265469,-0.012943636363636362,0.36mm_IF
0.08105512974051897,0.11238363636363637,0.36mm_IF
-0.09291289421157684,0.0678,0.36mm_IF
-0.3230834730538922,-0.01047818181818182,0.36mm_IF
-0.07569477045908184,0.08156545454545455,0.36mm_IF
0.1978459880239521,0.16046,0.36mm_IF
0.024202834331337325,0.022805454545454545,0.36mm_IF
-0.0071471457085828345,0.02403818181818182,0.36mm_IF
0.3113881437125749,0.11505454545454545,0.36mm_IF
0.11792790419161678,0.19025090909090905,0.36mm_IF
-0.24056642714570856,0.08464727272727272,0.36mm_IF
0.09356263473053893,0.06122545454545455,0.36mm_IF
0.2933578443113773,0.049309090909090914,0.36mm_IF
-0.21620115768463075,-0.05814363636363636,0.36mm_IF
-0.269804750499002,0.02855818181818182,0.36mm_IF
0.26411952095808383,-0.07889454545454545,0.36mm_IF
0.25973377245508983,0.06903272727272727,0.36mm_IF
-0.2108407984031936,0.02568181818181818,0.36mm_IF
-0.24056642714570856,-0.18306,0.36mm_IF
0.02680179640718563,0.19271636363636369,0.36mm_IF
-0.0573396007984032,0.002670909090909091,0.36mm_IF
-0.2238356087824352,-0.20360545454545456,0.36mm_IF
-0.11760303393213573,0.012943636363636362,0.36mm_IF
0.02647692614770459,-0.037598181818181815,0.36mm_IF
0.0037360079840319358,0.012532727272727272,0.36mm_IF
0.10038491017964073,-0.06081454545454545,0.36mm_IF
0.15138954091816367,-0.03020181818181818,0.36mm_IF
-0.09713620758483034,0.07601818181818182,0.36mm_IF
-0.1439175249500998,-0.06327999999999999,0.36mm_IF
0.0565274251497006,-0.043350909090909086,0.36mm_IF
0.041096087824351285,0.005752727272727272,0.36mm_IF
-0.11938982035928145,-0.032667272727272725,0.36mm_IF
0.02777640718562874,-0.12388909090909092,0.36mm_IF
0.2209117764471058,0.08793454545454545,0.36mm_IF
0.08836471057884232,0.1419690909090909,0.36mm_IF
-0.041745828343313376,-0.010683636363636364,0.36mm_IF
-0.03362407185628742,0.1645690909090909,0.36mm_IF
0.06935980039920159,0.1510090909090909,0.36mm_IF
0.07358311377245509,0.11423272727272725,0.36mm_IF
-0.053766027944111776,0.10950727272727273,0.36mm_IF
-0.0021116566866267467,0.053418181818181816,0.36mm_IF
0.2080794011976048,0.09224909090909092,0.36mm_IF
0.2288710978043912,0.1916890909090909,0.36mm_IF
0.01721812375249501,0.0741690909090909,0.36mm_IF
0.02306578842315369,0.05095272727272727,0.36mm_IF
0.11532894211576848,0.18901818181818186,0.36mm_IF
-0.0445072255489022,-0.017463636363636362,0.36mm_IF
-0.12881105788423153,-0.05280181818181818,0.36mm_IF
0.03313676646706587,-0.02013454545454545,0.36mm_IF
0.022903353293413174,-0.04622727272727272,0.36mm_IF
-0.07991808383233533,-0.04068,0.36mm_IF
0.05928882235528943,-0.010272727272727272,0.36mm_IF
0.03914686626746506,0.13724363636363635,0.36mm_IF
-0.17786646706586826,0.10416545454545452,0.36mm_IF
-0.13693281437125748,0.06821090909090909,0.36mm_IF
-0.0027613972055888225,0.03533818181818182,0.36mm_IF
-0.06935980039920159,0.028352727272727283,0.36mm_IF
-0.07163389221556887,0.009450909090909091,0.36mm_IF
0.07212119760479042,-0.0538290909090909,0.36mm_IF
0.16081077844311378,0.03800909090909091,0.36mm_IF
0.09648646706586828,0.009450909090909091,0.36mm_IF
0.026964231536926148,-0.04951454545454545,0.36mm_IF
0.060100998003992025,-0.03595454545454545,0.36mm_IF
-0.0019492215568862282,0.06225272727272727,0.36mm_IF
-0.0651364870259481,0.0402690909090909,0.36mm_IF
-0.05181680638722555,-0.09594727272727273,0.36mm_IF
0.004385748502994012,0.07683999999999999,0.36mm_IF
0.11711572854291415,0.13724363636363635,0.36mm_IF
0.09729864271457084,0.01849090909090909,0.36mm_IF
-0.05100463073852295,0.12224545454545452,0.36mm_IF
-0.11516650698602796,0.2527090909090909,0.36mm_IF
-0.04629401197604791,0.10396,0.36mm_IF
-0.06464918163672655,0.057321818181818175,0.36mm_IF
-0.19151101796407186,0.1454618181818182,0.36mm_IF
-0.06952223552894213,-0.008423636363636364,0.36mm_IF
0.22139908183632734,0.05937636363636362,0.36mm_IF
0.1317348902195609,0.11238363636363637,0.36mm_IF
-0.09210071856287426,0.027325454545454545,0.36mm_IF
0.16682087824351294,0.15840545454545454,0.36mm_IF
0.2490130538922156,0.08670181818181817,0.36mm_IF
-0.13839473053892215,-0.08444181818181817,0.36mm_IF
-0.13530846307385228,-0.010067272727272723,0.36mm_IF
0.1773791616766467,-0.07663454545454547,0.36mm_IF
-0.04613157684630738,-0.23113636363636364,0.36mm_IF
-0.2571348103792415,-0.05074727272727272,0.36mm_IF
0.2457643512974052,-0.0565,0.36mm_IF
0.2696423153692615,-0.002465454545454545,0.36mm_IF
-0.3303930538922156,0.14587272727272727,0.36mm_IF
-0.1955718962075849,0.05362363636363636,0.36mm_IF
0.2166884630738523,0.2206581818181818,0.36mm_IF
-0.1190649500998004,0.026709090909090908,0.36mm_IF
-0.30554047904191617,-0.09122181818181817,0.36mm_IF
0.12003956087824352,0.0895781818181818,0.36mm_IF
0.1984957285429141,-0.09492,0.36mm_IF
-0.12767401197604789,-0.027941818181818186,0.36mm_IF
-0.0805678243512974,-0.02855818181818182,0.36mm_IF
0.2108407984031936,-0.08546909090909091,0.36mm_IF
-0.01981708582834332,0.032667272727272725,0.36mm_IF
-0.40007772455089824,-0.014381818181818181,0.36mm_IF
-0.02387796407185629,0.08444181818181817,0.36mm_IF
0.29108375249501,0.14279090909090908,0.36mm_IF
-0.0064974051896207604,0.011916363636363636,0.36mm_IF
-0.08300435129740519,0.03985818181818182,0.36mm_IF
0.11272998003992014,0.13231272727272728,0.36mm_IF
0.1866379640718563,0.09471454545454544,0.36mm_IF
-0.039471736526946105,-0.030612727272727274,0.36mm_IF
-0.13482115768463074,-0.09224909090909092,0.36mm_IF
-0.01673081836327345,0.015819999999999997,0.36mm_IF
-0.04320774451097805,0.016847272727272728,0.36mm_IF
-0.005847664670658683,-0.12799818181818182,0.36mm_IF
0.13254706586826348,0.06451272727272726,0.36mm_IF
0.10899397205588822,0.1921,0.36mm_IF
0.03638546906187625,0.11977999999999996,0.36mm_IF
-0.01997952095808383,0.1171090909090909,0.36mm_IF
-0.060100998003992025,0.17093818181818182,0.36mm_IF
-0.03394894211576846,0.12882000000000002,0.36mm_IF
-0.07715668662674653,-0.1469,0.36mm_IF
-0.09047636726546908,-0.034105454545454536,0.36mm_IF
-0.013806986027944113,-0.06307454545454545,0.36mm_IF
0.08365409181636728,-0.06738909090909091,0.36mm_IF
0.02046682634730539,0.036160000000000005,0.36mm_IF
-0.031349980039920164,-0.052390909090909085,0.36mm_IF
0.03606059880239521,0.16189818181818186,0.36mm_IF
-0.01981708582834332,0.1419690909090909,0.36mm_IF
-0.15009005988023952,-0.043556363636363636,0.36mm_IF
-0.03281189620758483,0.014792727272727272,0.36mm_IF
0.2321198003992016,0.12224545454545452,0.36mm_IF
0.11354215568862275,-0.18490909090909088,0.36mm_IF
-0.06611109780439121,-0.07334727272727272,0.36mm_IF
0.1317348902195609,0.18901818181818186,0.36mm_IF
0.1962216367265469,-0.15409090909090908,0.36mm_IF
-0.15804938123752496,0.011505454545454544,0.36mm_IF
-0.27971329341317364,0.1125890909090909,0.36mm_IF
0.0003248702594810379,-0.008423636363636364,0.36mm_IF
0.036223033932135724,0.10704181818181817,0.36mm_IF
-0.09112610778443114,-0.005341818181818182,0.36mm_IF
0.07813129740518962,0.11628727272727273,0.36mm_IF
0.19914546906187625,0.2383272727272727,0.36mm_IF
0.02322822355289421,0.07745636363636363,0.36mm_IF
0.01266994011976048,-0.0226,0.36mm_IF
0.12832375249501,0.09492,0.36mm_IF
-0.038497125748503,0.09717999999999999,0.36mm_IF
-0.20109469061876245,-0.1193690909090909,0.36mm_IF
0.01803029940119761,0.10231636363636364,0.36mm_IF
0.2105159281437126,0.10334363636363636,0.36mm_IF
-0.030700239520958083,-0.03698181818181818,0.36mm_IF
-0.1292983632734531,0.16128181818181814,0.36mm_IF
0.08138000000000001,0.20216727272727272,0.36mm_IF
0.0727709381237525,0.08834545454545455,0.36mm_IF
-0.13303437125748502,-0.015819999999999997,0.36mm_IF
-0.13595820359281438,-0.031845454545454545,0.36mm_IF
0.10006003992015967,-0.041707272727272725,0.36mm_IF
0.1483032734530938,-0.09738545454545454,0.36mm_IF
-0.0016243512974051895,-0.1125890909090909,0.36mm_IF
0.0,0.036776363636363635,0.36mm_IF
0.15057736526946106,0.10416545454545452,0.36mm_IF
0.062050219560878236,-0.0006163636363636364,0.36mm_IF
-0.13319680638722556,0.06266363636363638,0.36mm_IF
-0.07861860279441117,0.20052363636363635,0.36mm_IF
0.02014195608782435,0.03800909090909091,0.36mm_IF
0.03833469061876248,-0.025065454545454544,0.36mm_IF
0.04889297405189622,0.016847272727272728,0.36mm_IF
0.1866379640718563,-0.009450909090909091,0.36mm_IF
0.20759209580838325,0.04828181818181818,0.36mm_IF
-0.02501500998003992,-0.028763636363636363,0.36mm_IF
-0.08186730538922156,0.025065454545454544,0.36mm_IF
-0.06481161676646706,0.05054181818181818,0.36mm_IF
-0.21815037924151687,0.02527090909090909,0.36mm_IF
-0.2519368862275449,0.1148490909090909,0.36mm_IF
-0.029238323353293405,0.036160000000000005,0.36mm_IF
0.1054203992015968,0.09533090909090908,0.36mm_IF
-0.05441576846307385,0.1524472727272727,0.36mm_IF
-0.06627353293413174,0.002876363636363636,0.36mm_IF
0.18550091816367265,0.13621636363636366,0.36mm_IF
0.0950245508982036,0.07909999999999999,0.36mm_IF
-0.2116529740518962,-0.1216290909090909,0.36mm_IF
-0.08170487025948102,0.06944363636363636,0.36mm_IF
0.13985664670658682,0.018285454545454542,0.36mm_IF
-0.05555281437125748,-0.1189581818181818,0.36mm_IF
-0.05506550898203592,0.009245454545454545,0.36mm_IF
0.26103325349301393,0.04889818181818182,0.36mm_IF
0.1577245109780439,-0.052185454545454535,0.36mm_IF
-0.10168439121756488,0.0447890909090909,0.36mm_IF
-0.02322822355289421,0.0805381818181818,0.36mm_IF
-0.025664750499002003,-0.09944,0.36mm_IF
-0.16990714570858284,0.042734545454545456,0.36mm_IF
0.008771497005988024,-0.035749090909090904,0.36mm_IF
0.09063880239520958,-0.1148490909090909,0.36mm_IF
-0.1028214371257485,0.18614181818181816,0.36mm_IF
-0.01835516966067864,0.054856363636363634,0.36mm_IF
0.07780642714570858,-0.0041090909090909095,0.36mm_IF
-0.07650694610778443,0.17114363636363633,0.36mm_IF
-0.16747061876247504,0.09245454545454544,0.36mm_IF
-0.10931884231536927,-0.013970909090909093,0.36mm_IF
-0.05003001996007984,-0.013354545454545456,0.36mm_IF
-0.0071471457085828345,-0.0008218181818181817,0.36mm_IF
0.09486211576846308,-0.061430909090909085,0.36mm_IF
0.14862814371257485,-0.04232363636363636,0.36mm_IF
0.054740638722554885,0.010067272727272723,0.36mm_IF
0.01721812375249501,-0.03225636363636363,0.36mm_IF
-0.013806986027944113,-0.00041090909090909085,0.36mm_IF
-0.18907449101796409,0.07827818181818183,0.36mm_IF
-0.12182634730538924,0.06738909090909091,0.36mm_IF
0.0368727744510978,0.08444181818181817,0.36mm_IF
-0.01575620758483034,0.09717999999999999,0.36mm_IF
0.0761820758483034,0.06718363636363636,0.36mm_IF
0.20564287425149694,0.023627272727272733,0.36mm_IF
0.10574526946107783,0.08423636363636364,0.36mm_IF
0.00471061876247505,0.030407272727272724,0.36mm_IF
0.020791696606786425,-0.10149454545454543,0.36mm_IF
-0.03248702594810378,0.09019454545454544,0.36mm_IF
-0.08073025948103793,0.07437454545454546,0.36mm_IF
0.03183728542914172,-0.018080000000000002,0.36mm_IF
0.09827325349301397,0.12799818181818182,0.36mm_IF
0.07731912175648703,0.059992727272727274,0.36mm_IF
0.09859812375249502,-0.001849090909090909,0.36mm_IF
0.15983616766467065,0.14731090909090908,0.36mm_IF
0.0659486626746507,0.09286545454545453,0.36mm_IF
-0.13563333333333333,-0.017052727272727268,0.36mm_IF
-0.12783644710578845,0.028763636363636363,0.36mm_IF
-0.01250750499001996,0.011710909090909093,0.36mm_IF
0.024365269461077844,0.025065454545454544,0.36mm_IF
-0.038497125748503,-0.001849090909090909,0.36mm_IF
-0.046943752495009976,0.015203636363636362,0.36mm_IF
0.04515696606786427,0.09101636363636363,0.36mm_IF
0.03671033932135728,0.08875636363636362,0.36mm_IF
-0.07049684630738523,0.061841818181818185,0.36mm_IF
-0.11500407185628744,0.04191272727272728,0.36mm_IF
-0.02712666666666667,0.03903636363636363,0.36mm_IF
-0.0003248702594810379,0.009245454545454545,0.36mm_IF
-0.0071471457085828345,0.034927272727272723,0.36mm_IF
0.09015149700598804,0.028969090909090906,0.36mm_IF
0.0761820758483034,0.03513272727272727,0.36mm_IF
-0.03979660678642714,0.007807272727272727,0.36mm_IF
0.006172534930139721,0.013149090909090907,0.36mm_IF
0.061400479041916166,0.10622000000000001,0.36mm_IF
-0.01591864271457086,0.04129636363636364,0.36mm_IF
-0.013482115768463074,0.061841818181818185,0.36mm_IF
-0.025989620758483042,0.07766181818181818,0.36mm_IF
0.12052686626746507,0.03205090909090909,0.36mm_IF
0.3032663872255489,0.011094545454545454,0.36mm_IF
0.054740638722554885,-0.004520000000000001,0.36mm_IF
-0.1138670259481038,0.06882727272727272,0.36mm_IF
0.09616159680638722,0.08423636363636364,0.36mm_IF
0.053116287425149705,0.11690363636363635,0.36mm_IF
-0.2633073453093812,0.07232000000000001,0.36mm_IF
-0.09859812375249502,0.10704181818181817,0.36mm_IF
0.11727816367265467,0.09450909090909093,0.36mm_IF
-0.12117660678642715,-0.005136363636363636,0.36mm_IF
-0.08105512974051897,0.013354545454545456,0.36mm_IF
0.2327695409181637,0.03307818181818182,0.36mm_IF
0.019492215568862273,-0.03513272727272727,0.36mm_IF
-0.3144744111776447,-0.07067636363636362,0.36mm_IF
-0.1062325748502994,0.11875272727272725,0.36mm_IF
0.10834423153692617,-0.11813636363636362,0.36mm_IF
-0.12556235528942114,-0.00020545454545454542,0.36mm_IF
-0.1483032734530938,0.11834181818181815,0.36mm_IF
0.2884847904191617,-0.10848,0.36mm_IF
0.22464778443113773,0.1678563636363636,0.36mm_IF
-0.05344115768463074,-0.059992727272727274,0.36mm_IF
0.051329500998003985,-0.07067636363636362,0.36mm_IF
0.04515696606786427,-0.010272727272727272,0.36mm_IF
-0.11354215568862275,-0.11238363636363637,0.36mm_IF
-0.1002224750499002,-0.0565,0.36mm_IF
-0.00958367265469062,-0.1193690909090909,0.36mm_IF
-0.1010346506986028,0.1212181818181818,0.36mm_IF
-0.07049684630738523,-0.04232363636363636,0.36mm_IF
0.12783644710578845,0.05095272727272727,0.36mm_IF
0.06448674650698602,0.1939490909090909,0.36mm_IF
-0.09843568862275448,0.12532727272727273,0.36mm_IF
-0.09794838323353293,0.19600363636363635,0.36mm_IF
-0.024365269461077844,0.015614545454545454,0.36mm_IF
-0.004385748502994012,0.14731090909090908,0.36mm_IF
-0.051167065868263466,0.012532727272727272,0.36mm_IF
-0.031025109780439118,-0.10642545454545453,0.36mm_IF
0.08462870259481038,0.014998181818181815,0.36mm_IF
0.17786646706586826,-0.03513272727272727,0.36mm_IF
0.07000954091816368,0.036160000000000005,0.36mm_IF
-0.07179632734530939,0.0447890909090909,0.36mm_IF
0.035410858283433135,0.09122181818181817,0.36mm_IF
0.08674035928143713,0.10149454545454543,0.36mm_IF
-0.043045309381237525,0.07540181818181818,0.36mm_IF
0.0060100998003992006,0.010683636363636364,0.36mm_IF
0.14797840319361275,-0.036160000000000005,0.36mm_IF
0.06562379241516966,-0.043967272727272716,0.36mm_IF
-0.011857764471057885,-0.06430727272727273,0.36mm_IF
-0.008609061876247505,0.12717636363636362,0.36mm_IF
-0.11013101796407183,0.03533818181818182,0.36mm_IF
-0.16308487025948104,0.07047090909090907,0.36mm_IF
-0.12816131736526945,0.1881963636363636,0.36mm_IF
-0.05977612774451097,0.01992909090909091,0.36mm_IF
-0.014944031936127743,0.16662363636363633,0.36mm_IF
0.054578203592814366,0.04622727272727272,0.36mm_IF
0.17559237524950105,-0.019518181818181816,0.36mm_IF
0.10899397205588822,0.07745636363636363,0.36mm_IF
0.0625375249500998,-0.008218181818181819,0.36mm_IF
0.10931884231536927,-0.1148490909090909,0.36mm_IF
-0.062050219560878236,-0.08464727272727272,0.36mm_IF
-0.15545041916167665,0.12594363636363634,0.36mm_IF
0.03654790419161677,-0.05670545454545455,0.36mm_IF
0.12442530938123753,0.06512909090909091,0.36mm_IF
0.015106467065868262,0.08711272727272727,0.36mm_IF
-0.00795932135728543,0.04109090909090909,0.36mm_IF
0.018192734530938125,0.16128181818181814,0.36mm_IF
0.060588303393213576,0.015614545454545454,0.36mm_IF
0.036223033932135724,0.11135636363636364,0.36mm_IF
-0.07650694610778443,0.030407272727272724,0.36mm_IF
-0.06903493013972056,0.04232363636363636,0.36mm_IF
0.01851760479041916,-0.05444545454545455,0.36mm_IF
0.1146792015968064,0.00020545454545454542,0.36mm_IF
0.012182634730538922,0.1483381818181818,0.36mm_IF
-0.07861860279441117,-0.030612727272727274,0.36mm_IF
0.07845616766467066,0.17299272727272727,0.36mm_IF
0.10444578842315368,0.12676545454545454,0.36mm_IF
-0.1413185628742515,0.09224909090909092,0.36mm_IF
-0.13677037924151694,0.1957981818181818,0.36mm_IF
0.09437481037924153,-0.03143454545454545,0.36mm_IF
-0.04824323353293414,0.006574545454545454,0.36mm_IF
-0.11354215568862275,-0.032667272727272725,0.36mm_IF
0.19719624750499004,-0.0470490909090909,0.36mm_IF
0.2036936526946108,0.08875636363636362,0.36mm_IF
-0.24349025948103795,-0.04458363636363636,0.36mm_IF
-0.2646068263473054,0.061430909090909085,0.36mm_IF
0.0831667864271457,0.13354545454545455,0.36mm_IF
-0.021928742514970057,0.04232363636363636,0.36mm_IF
-0.18712526946107785,-0.006574545454545454,0.36mm_IF
0.007472015968063871,-0.04458363636363636,0.36mm_IF
0.1483032734530938,-0.014381818181818181,0.36mm_IF
0.07017197604790419,-0.010067272727272723,0.36mm_IF
0.0607507385229541,-0.10560363636363636,0.36mm_IF
0.01413185628742515,-0.16046,0.36mm_IF
-0.08787740518962077,-0.034927272727272723,0.36mm_IF
-0.02339065868263473,-0.09204363636363637,0.36mm_IF
0.044344790419161666,-0.08218181818181818,0.36mm_IF
-0.02257848303393213,0.07971636363636364,0.36mm_IF
-0.04921784431137724,0.036160000000000005,0.36mm_IF
0.07358311377245509,0.04232363636363636,0.36mm_IF
0.07991808383233533,0.17114363636363633,0.36mm_IF
-0.015593772455089819,0.06862181818181817,0.36mm_IF
-0.006334970059880239,0.06841636363636364,0.36mm_IF
-0.03703520958083832,0.12491636363636364,0.36mm_IF
-0.0950245508982036,-0.011505454545454544,0.36mm_IF
0.02680179640718563,0.07478545454545454,0.36mm_IF
0.12799888223552894,0.06862181818181817,0.36mm_IF
0.03281189620758483,-0.030818181818181814,0.36mm_IF
0.0154313373253493,0.13334000000000001,0.36mm_IF
0.08706522954091818,0.16724,0.36mm_IF
0.018192734530938125,0.01623090909090909,0.36mm_IF
-0.09908542914171656,0.1397090909090909,0.36mm_IF
-0.07082171656686627,0.14443454545454545,0.36mm_IF
-0.02404039920159681,-0.08115454545454545,0.36mm_IF
-0.014294291417165669,-0.008423636363636364,0.36mm_IF
0.04515696606786427,0.023216363636363632,0.36mm_IF
0.11938982035928145,-0.08074363636363636,0.36mm_IF
0.0651364870259481,0.03944727272727274,0.36mm_IF
-0.047918363273453085,-0.04294,0.36mm_IF
-0.015593772455089819,-0.020545454545454544,0.36mm_IF
-0.021928742514970057,0.11074,0.36mm_IF
-0.08527844311377245,-0.08218181818181818,0.36mm_IF
-0.05003001996007984,0.042734545454545456,0.36mm_IF
0.07650694610778443,0.020545454545454544,0.36mm_IF
0.09567429141716567,-0.06307454545454545,0.36mm_IF
0.04012147704590819,0.02075090909090909,0.36mm_IF
0.15674990019960078,0.012738181818181815,0.36mm_IF
0.0950245508982036,-0.027736363636363642,0.36mm_IF
-0.12003956087824352,-0.04006363636363637,0.36mm_IF
-0.12052686626746507,0.1035490909090909,0.36mm_IF
-0.05344115768463074,0.004520000000000001,0.36mm_IF
-0.03232459081836326,0.08012727272727273,0.36mm_IF
-0.015593772455089819,0.11957454545454545,0.36mm_IF
0.061400479041916166,0.09101636363636363,0.36mm_IF
0.09486211576846308,0.21264545454545453,0.36mm_IF
0.05555281437125748,0.10252181818181816,0.36mm_IF
0.04678131736526946,0.14916,0.36mm_IF
0.06578622754491018,0.11053454545454544,0.36mm_IF
-0.014456726546906188,0.021983636363636358,0.36mm_IF
-0.0882022754491018,0.009450909090909091,0.36mm_IF
0.035085988023952096,-0.011916363636363636,0.36mm_IF
0.05441576846307385,0.043556363636363636,0.36mm_IF
-0.00958367265469062,0.042734545454545456,0.36mm_IF
0.02014195608782435,0.13457272727272726,0.36mm_IF
0.0011370459081836328,0.08670181818181817,0.36mm_IF
-0.06432431137724551,0.1411472727272727,0.36mm_IF
-0.09989760479041916,0.14936545454545455,0.36mm_IF
-0.045644271457085835,-0.026503636363636358,0.36mm_IF
0.006822275449101796,0.026503636363636358,0.36mm_IF
-0.012345069860279442,-0.1419690909090909,0.36mm_IF
-0.01104558882235529,-0.05177454545454545,0.36mm_IF
0.14781596806387226,0.04006363636363637,0.36mm_IF
0.05620255489021956,-0.16908909090909088,0.36mm_IF
-0.2672057884231537,0.029585454545454543,0.36mm_IF
-0.19573433133732526,0.03287272727272728,0.36mm_IF
0.08381652694610779,0.007601818181818181,0.36mm_IF
0.4179455888223553,0.1012890909090909,0.36mm_IF
-0.13563333333333333,-0.09122181818181817,0.36mm_IF
-0.7231611976047904,0.10046727272727272,0.36mm_IF
0.2363431137724551,0.13991454545454546,0.36mm_IF
0.9981638722554892,-0.19415454545454544,0.36mm_IF
-0.2707793612774451,-0.1678563636363636,0.36mm_IF
-1.1097568063872254,-0.10478181818181816,0.36mm_IF
0.4786963273453094,0.08690727272727272,0.36mm_IF
0.3787987225548902,-0.00862909090909091,0.36mm_IF
-0.5958120558882236,0.02013454545454545,0.36mm_IF
0.17413045908183633,0.047254545454545466,0.36mm_IF
0.0035735728542914172,0.051569090909090905,0.36mm_IF
-0.479183632734531,0.39776,0.36mm_IF
0.6412938922155689,0.02095636363636364,0.36mm_IF
0.8589569660678643,0.17463636363636362,0.36mm_IF
-0.8740634331337326,0.2446963636363637,0.36mm_IF
-0.5335994011976047,-0.025065454545454544,0.36mm_IF
