Record Time,ax,ay,az,wx,wy,wz,AngleX,AngleY,AngleZ
2021-02-15 12:48:57,-0.17800000000000002,0.23600000000000002,2.963,0.244,-0.366,-0.183,4.15,3.74,-21.46
2021-02-15 12:48:57,-0.19699999999999998,0.19699999999999998,2.949,0.0,0.0,0.305,4.15,3.74,-21.46
2021-02-15 12:48:57,-0.204,0.182,2.95,0.0,0.42700000000000005,0.488,4.15,3.74,-21.46
2021-02-15 12:48:57,-0.2,0.222,2.958,-0.305,0.0,0.244,4.14,3.74,-21.46
2021-02-15 12:48:57,-0.18100000000000002,0.255,2.97,-0.183,0.0,-0.366,4.14,3.74,-21.46
2021-02-15 12:48:57,-0.183,0.24100000000000002,2.964,0.244,-0.244,-0.366,4.15,3.74,-21.46
2021-02-15 12:48:57,-0.191,0.19699999999999998,2.9360000000000004,0.305,-0.366,0.183,4.15,3.73,-21.46
2021-02-15 12:48:57,-0.221,0.17,2.946,-0.244,0.244,0.42700000000000005,4.15,3.74,-21.46
2021-02-15 12:48:57,-0.20600000000000002,0.19699999999999998,2.966,-0.488,0.366,0.5489999999999999,4.14,3.74,-21.46
2021-02-15 12:48:57,-0.192,0.249,2.9789999999999996,-0.244,0.0,0.0,4.13,3.75,-21.46
2021-02-15 12:48:57,-0.18600000000000003,0.25,2.967,0.42700000000000005,0.0,-0.5489999999999999,4.14,3.75,-21.46
2021-02-15 12:48:57,-0.19,0.20600000000000002,2.952,0.488,-0.42700000000000005,-0.42700000000000005,4.15,3.74,-21.46
2021-02-15 12:48:57,-0.20600000000000002,0.179,2.945,0.0,-0.183,0.183,4.15,3.74,-21.46
2021-02-15 12:48:57,-0.19399999999999998,0.198,2.965,-0.42700000000000005,0.305,0.366,4.14,3.74,-21.46
2021-02-15 12:48:57,-0.18,0.22899999999999998,2.9760000000000004,-0.305,0.183,0.305,4.14,3.74,-21.46
2021-02-15 12:48:57,-0.203,0.23600000000000002,2.968,0.183,0.0,-0.305,4.14,3.74,-21.46
2021-02-15 12:48:57,-0.184,0.218,2.9419999999999997,0.61,0.0,-0.732,4.15,3.74,-21.46
2021-02-15 12:48:57,-0.18100000000000002,0.19,2.932,0.0,-0.42700000000000005,-0.305,4.15,3.74,-21.46
2021-02-15 12:48:57,-0.204,0.21100000000000002,2.963,-0.42700000000000005,0.0,0.42700000000000005,4.14,3.74,-21.46
2021-02-15 12:48:57,-0.17600000000000002,0.24,2.977,-0.183,0.488,0.5489999999999999,4.14,3.74,-21.46
2021-02-15 12:48:57,-0.196,0.23600000000000002,2.966,0.0,0.183,0.244,4.14,3.74,-21.46
2021-02-15 12:48:57,-0.196,0.203,2.944,0.183,0.244,-0.488,4.15,3.74,-21.46
2021-02-15 12:48:57,-0.188,0.19399999999999998,2.9410000000000003,0.0,-0.183,-0.61,4.15,3.74,-21.46
2021-02-15 12:48:57,-0.192,0.20800000000000002,2.9539999999999997,-0.244,-0.305,0.183,4.14,3.74,-21.46
2021-02-15 12:48:57,-0.19899999999999998,0.235,2.978,-0.244,0.244,0.61,4.14,3.74,-21.46
2021-02-15 12:48:57,-0.195,0.23,2.9730000000000003,0.183,0.42700000000000005,0.42700000000000005,4.14,3.74,-21.46
2021-02-15 12:48:57,-0.21100000000000002,0.21,2.9539999999999997,0.244,0.0,0.0,4.15,3.74,-21.46
2021-02-15 12:48:57,-0.18899999999999997,0.207,2.945,0.0,0.0,-0.61,4.15,3.75,-21.46
2021-02-15 12:48:57,-0.19,0.214,2.96,-0.305,-0.366,-0.488,4.14,3.74,-21.46
2021-02-15 12:48:57,-0.192,0.228,2.978,0.0,0.0,0.305,4.14,3.74,-21.46
2021-02-15 12:48:57,-0.192,0.214,2.965,0.0,0.244,0.366,4.14,3.74,-21.46
2021-02-15 12:48:57,-0.203,0.191,2.95,0.183,0.244,0.183,4.15,3.75,-21.46
2021-02-15 12:48:57,-0.217,0.203,2.9539999999999997,0.0,0.0,-0.183,4.14,3.75,-21.46
2021-02-15 12:48:57,-0.18100000000000002,0.23800000000000002,2.955,-0.305,0.0,-0.61,4.14,3.75,-21.46
2021-02-15 12:48:57,-0.18100000000000002,0.239,2.966,0.0,-0.42700000000000005,-0.305,4.14,3.75,-21.46
2021-02-15 12:48:57,-0.18600000000000003,0.218,2.9560000000000004,0.0,0.0,0.366,4.15,3.74,-21.46
2021-02-15 12:48:57,-0.185,0.188,2.9389999999999996,0.0,0.305,0.366,4.15,3.74,-21.46
2021-02-15 12:48:57,-0.20800000000000002,0.19399999999999998,2.9530000000000003,-0.244,0.0,0.183,4.14,3.74,-21.46
2021-02-15 12:48:57,-0.188,0.23399999999999999,2.964,-0.305,0.0,-0.183,4.13,3.75,-21.46
2021-02-15 12:48:57,-0.17800000000000002,0.251,2.9730000000000003,0.0,-0.244,-0.42700000000000005,4.14,3.74,-21.46
2021-02-15 12:48:57,-0.175,0.222,2.958,0.488,-0.366,0.0,4.15,3.74,-21.46
2021-02-15 12:48:57,-0.205,0.191,2.9410000000000003,0.0,0.0,0.42700000000000005,4.15,3.73,-21.46
2021-02-15 12:48:57,-0.212,0.196,2.963,-0.244,0.42700000000000005,0.5489999999999999,4.14,3.74,-21.46
2021-02-15 12:48:57,-0.198,0.24,2.969,-0.42700000000000005,0.183,0.183,4.14,3.74,-21.46
2021-02-15 12:48:57,-0.18600000000000003,0.252,2.966,0.0,0.0,-0.366,4.14,3.74,-21.46
2021-02-15 12:48:57,-0.183,0.218,2.95,0.305,0.0,-0.42700000000000005,4.15,3.74,-21.46
2021-02-15 12:48:57,-0.196,0.17800000000000002,2.9330000000000003,0.0,-0.244,0.0,4.15,3.74,-21.46
2021-02-15 12:48:57,-0.21600000000000003,0.18,2.958,-0.366,0.366,0.305,4.14,3.74,-21.46
2021-02-15 12:48:57,-0.19399999999999998,0.22399999999999998,2.975,-0.42700000000000005,0.366,0.305,4.13,3.75,-21.46
2021-02-15 12:48:57,-0.191,0.259,2.971,0.0,0.0,0.0,4.13,3.75,-21.46
2021-02-15 12:48:57,-0.195,0.235,2.9539999999999997,0.488,0.0,-0.732,4.14,3.75,-21.46
2021-02-15 12:48:57,-0.198,0.184,2.94,0.183,-0.244,-0.5489999999999999,4.15,3.75,-21.46
2021-02-15 12:48:57,-0.20800000000000002,0.184,2.95,-0.366,0.0,0.0,4.14,3.75,-21.46
2021-02-15 12:48:58,-0.183,0.222,2.965,-0.366,0.305,0.305,4.13,3.75,-21.46
2021-02-15 12:48:58,-0.17800000000000002,0.24100000000000002,2.969,0.0,0.183,0.305,4.13,3.75,-21.46
2021-02-15 12:48:58,-0.212,0.225,2.9589999999999996,0.244,0.0,-0.244,4.14,3.75,-21.46
2021-02-15 12:48:58,-0.182,0.20199999999999999,2.935,0.244,0.0,-0.732,4.14,3.75,-21.46
2021-02-15 12:48:58,-0.185,0.19399999999999998,2.94,-0.244,-0.42700000000000005,-0.183,4.14,3.75,-21.46
2021-02-15 12:48:58,-0.193,0.228,2.968,-0.488,0.0,0.488,4.13,3.75,-21.46
2021-02-15 12:48:58,-0.183,0.242,2.9760000000000004,0.0,0.183,0.61,4.13,3.75,-21.46
2021-02-15 12:48:58,-0.201,0.22899999999999998,2.957,0.0,0.0,0.42700000000000005,4.14,3.74,-21.46
2021-02-15 12:48:58,-0.193,0.201,2.944,0.0,0.0,-0.305,4.14,3.75,-21.46
2021-02-15 12:48:58,-0.18600000000000003,0.19699999999999998,2.95,-0.366,-0.244,-0.488,4.14,3.74,-21.46
2021-02-15 12:48:58,-0.18600000000000003,0.214,2.964,-0.183,-0.42700000000000005,0.0,4.13,3.74,-21.46
2021-02-15 12:48:58,-0.19899999999999998,0.22399999999999998,2.9760000000000004,0.0,0.0,0.488,4.13,3.74,-21.46
2021-02-15 12:48:58,-0.19,0.21100000000000002,2.9560000000000004,0.244,0.244,0.42700000000000005,4.14,3.74,-21.46
2021-02-15 12:48:58,-0.21600000000000003,0.20800000000000002,2.958,0.0,0.0,0.0,4.14,3.74,-21.46
2021-02-15 12:48:58,-0.188,0.22699999999999998,2.9539999999999997,0.0,0.183,-0.6709999999999999,4.13,3.75,-21.46
2021-02-15 12:48:58,-0.188,0.23199999999999998,2.969,-0.244,-0.42700000000000005,-0.5489999999999999,4.13,3.74,-21.46
2021-02-15 12:48:58,-0.192,0.22399999999999998,2.969,0.0,-0.183,0.183,4.14,3.74,-21.46
2021-02-15 12:48:58,-0.184,0.191,2.949,0.183,0.244,0.366,4.14,3.74,-21.46
2021-02-15 12:48:58,-0.204,0.179,2.947,0.0,0.244,0.244,4.14,3.74,-21.46
2021-02-15 12:48:58,-0.209,0.223,2.9610000000000003,-0.183,0.183,-0.244,4.13,3.74,-21.46
2021-02-15 12:48:58,-0.172,0.259,2.9619999999999997,0.0,0.0,-0.732,4.13,3.75,-21.46
2021-02-15 12:48:58,-0.183,0.24,2.964,0.305,-0.488,-0.366,4.14,3.74,-21.46
2021-02-15 12:48:58,-0.188,0.20199999999999999,2.944,0.0,0.0,0.488,4.15,3.74,-21.46
2021-02-15 12:48:58,-0.19399999999999998,0.182,2.9410000000000003,0.0,0.366,0.488,4.14,3.74,-21.46
2021-02-15 12:48:58,-0.20800000000000002,0.21100000000000002,2.964,-0.305,0.244,0.366,4.14,3.74,-21.46
2021-02-15 12:48:58,-0.177,0.248,2.967,-0.244,0.305,-0.305,4.13,3.75,-21.46
2021-02-15 12:48:58,-0.177,0.243,2.966,0.305,-0.183,-0.6709999999999999,4.14,3.74,-21.46
2021-02-15 12:48:58,-0.17800000000000002,0.19699999999999998,2.9389999999999996,0.42700000000000005,-0.42700000000000005,0.0,4.15,3.73,-21.46
2021-02-15 12:48:58,-0.212,0.175,2.944,-0.183,0.0,0.5489999999999999,4.15,3.73,-21.46
2021-02-15 12:48:58,-0.217,0.20600000000000002,2.971,-0.366,0.488,0.488,4.14,3.74,-21.46
2021-02-15 12:48:58,-0.19899999999999998,0.253,2.978,-0.305,0.244,0.0,4.13,3.75,-21.46
2021-02-15 12:48:58,-0.192,0.249,2.966,0.183,0.0,-0.6709999999999999,4.14,3.75,-21.46
2021-02-15 12:48:58,-0.191,0.201,2.944,0.305,-0.42700000000000005,-0.6709999999999999,4.15,3.74,-21.46
2021-02-15 12:48:58,-0.198,0.168,2.9339999999999997,0.0,-0.366,0.183,4.15,3.74,-21.46
2021-02-15 12:48:58,-0.21100000000000002,0.19399999999999998,2.97,-0.42700000000000005,0.244,0.5489999999999999,4.13,3.74,-21.46
2021-02-15 12:48:58,-0.18899999999999997,0.23399999999999999,2.9760000000000004,-0.183,0.366,0.244,4.13,3.75,-21.46
2021-02-15 12:48:58,-0.205,0.243,2.969,0.305,0.0,-0.244,4.13,3.75,-21.46
2021-02-15 12:48:58,-0.19699999999999998,0.226,2.946,0.5489999999999999,0.0,-0.6709999999999999,4.14,3.75,-21.46
2021-02-15 12:48:58,-0.19399999999999998,0.193,2.9360000000000004,0.0,-0.488,-0.42700000000000005,4.15,3.74,-21.46
2021-02-15 12:48:58,-0.20199999999999999,0.205,2.96,-0.488,-0.183,0.42700000000000005,4.14,3.74,-21.46
2021-02-15 12:48:58,-0.17,0.23199999999999998,2.97,-0.305,0.244,0.61,4.13,3.75,-21.46
2021-02-15 12:48:58,-0.18899999999999997,0.231,2.968,0.0,0.0,0.244,4.14,3.74,-21.46
2021-02-15 12:48:58,-0.20600000000000002,0.203,2.957,0.305,0.0,-0.42700000000000005,4.14,3.74,-21.46
2021-02-15 12:48:58,-0.17800000000000002,0.201,2.938,0.0,-0.244,-0.488,4.14,3.74,-21.46
2021-02-15 12:48:58,-0.17600000000000002,0.217,2.95,-0.244,-0.5489999999999999,0.0,4.14,3.73,-21.46
2021-02-15 12:48:58,-0.18600000000000003,0.23600000000000002,2.971,-0.305,0.0,0.6709999999999999,4.13,3.73,-21.46
2021-02-15 12:48:58,-0.195,0.23199999999999998,2.975,0.0,0.42700000000000005,0.6709999999999999,4.14,3.73,-21.46
2021-02-15 12:48:58,-0.207,0.20800000000000002,2.9560000000000004,0.305,0.183,0.0,4.14,3.73,-21.46
2021-02-15 12:48:58,-0.188,0.19899999999999998,2.944,0.0,0.0,-0.6709999999999999,4.14,3.74,-21.46
2021-02-15 12:48:58,-0.18100000000000002,0.21600000000000003,2.9539999999999997,-0.366,-0.305,-0.5489999999999999,4.14,3.73,-21.46
2021-02-15 12:48:58,-0.185,0.231,2.977,0.0,-0.244,0.183,4.14,3.72,-21.46
2021-02-15 12:48:58,-0.201,0.215,2.969,0.0,0.366,0.366,4.14,3.73,-21.46
2021-02-15 12:48:58,-0.21,0.18899999999999997,2.95,0.0,0.488,0.244,4.14,3.74,-21.46
2021-02-15 12:48:58,-0.218,0.20800000000000002,2.958,0.0,0.244,-0.305,4.14,3.74,-21.46
2021-02-15 12:48:58,-0.18600000000000003,0.24100000000000002,2.96,-0.244,0.0,-0.8540000000000001,4.13,3.75,-21.46
2021-02-15 12:48:58,-0.18100000000000002,0.243,2.97,0.0,-0.42700000000000005,-0.366,4.14,3.74,-21.46
2021-02-15 12:48:58,-0.192,0.221,2.9560000000000004,0.183,0.0,0.42700000000000005,4.14,3.74,-21.46
2021-02-15 12:48:58,-0.184,0.183,2.9330000000000003,0.0,0.42700000000000005,0.42700000000000005,4.14,3.74,-21.46
2021-02-15 12:48:58,-0.21100000000000002,0.18899999999999997,2.951,-0.244,0.305,0.244,4.14,3.74,-21.46
2021-02-15 12:48:58,-0.196,0.237,2.9589999999999996,-0.305,0.0,-0.305,4.13,3.75,-21.46
2021-02-15 12:48:58,-0.174,0.254,2.964,0.0,-0.183,-0.6709999999999999,4.13,3.75,-21.46
2021-02-15 12:48:58,-0.18,0.22,2.955,0.366,-0.42700000000000005,0.0,4.14,3.74,-21.46
2021-02-15 12:48:58,-0.198,0.18899999999999997,2.9389999999999996,0.0,0.0,0.5489999999999999,4.15,3.73,-21.46
2021-02-15 12:48:58,-0.21100000000000002,0.192,2.9589999999999996,-0.305,0.5489999999999999,0.366,4.14,3.74,-21.46
2021-02-15 12:48:58,-0.203,0.23600000000000002,2.971,-0.366,0.244,0.183,4.13,3.75,-21.46
2021-02-15 12:48:58,-0.184,0.256,2.966,0.0,0.0,-0.42700000000000005,4.14,3.75,-21.46
2021-02-15 12:48:58,-0.177,0.228,2.952,0.366,-0.305,-0.61,4.15,3.74,-21.46
2021-02-15 12:48:58,-0.187,0.182,2.932,0.183,-0.366,0.0,4.15,3.74,-21.46
2021-02-15 12:48:58,-0.21899999999999997,0.184,2.96,-0.305,0.244,0.488,4.14,3.74,-21.46
2021-02-15 12:48:58,-0.2,0.222,2.975,-0.366,0.42700000000000005,0.183,4.13,3.75,-21.46
2021-02-15 12:48:58,-0.198,0.249,2.9730000000000003,0.0,0.0,-0.183,4.13,3.75,-21.46
2021-02-15 12:48:58,-0.20199999999999999,0.23199999999999998,2.9539999999999997,0.42700000000000005,0.0,-0.5489999999999999,4.14,3.75,-21.46
2021-02-15 12:48:58,-0.196,0.19399999999999998,2.938,0.305,-0.42700000000000005,-0.488,4.15,3.75,-21.46
2021-02-15 12:48:58,-0.209,0.191,2.952,-0.244,0.0,0.305,4.14,3.75,-21.46
2021-02-15 12:48:58,-0.184,0.225,2.971,-0.488,0.366,0.488,4.14,3.75,-21.46
2021-02-15 12:48:58,-0.175,0.235,2.97,0.0,0.183,0.183,4.14,3.75,-21.46
2021-02-15 12:48:58,-0.20600000000000002,0.218,2.957,0.305,0.0,-0.183,4.14,3.75,-21.46
2021-02-15 12:48:58,-0.18899999999999997,0.203,2.937,0.366,0.0,-0.488,4.15,3.75,-21.46
2021-02-15 12:48:58,-0.185,0.203,2.9410000000000003,0.0,-0.366,-0.183,4.15,3.75,-21.46
2021-02-15 12:48:58,-0.198,0.22899999999999998,2.971,-0.366,0.0,0.488,4.14,3.74,-21.46
2021-02-15 12:48:58,-0.177,0.24100000000000002,2.9730000000000003,-0.183,0.42700000000000005,0.6709999999999999,4.14,3.75,-21.46
2021-02-15 12:48:58,-0.19899999999999998,0.21600000000000003,2.958,0.244,0.0,0.183,4.15,3.74,-21.46
2021-02-15 12:48:58,-0.195,0.188,2.946,0.0,0.0,-0.366,4.15,3.75,-21.46
2021-02-15 12:48:58,-0.17600000000000002,0.20600000000000002,2.948,-0.183,-0.183,-0.488,4.14,3.74,-21.46
2021-02-15 12:48:58,-0.182,0.231,2.964,0.0,-0.305,0.0,4.14,3.74,-21.46
2021-02-15 12:48:58,-0.19899999999999998,0.23399999999999999,2.978,0.0,0.244,0.42700000000000005,4.14,3.74,-21.46
2021-02-15 12:48:58,-0.2,0.21,2.9610000000000003,0.183,0.42700000000000005,0.366,4.15,3.74,-21.46
2021-02-15 12:48:58,-0.21100000000000002,0.20199999999999999,2.952,0.0,0.0,0.0,4.15,3.74,-21.46
2021-02-15 12:48:58,-0.191,0.214,2.949,-0.183,0.0,-0.6709999999999999,4.14,3.75,-21.46
2021-02-15 12:48:58,-0.188,0.233,2.966,-0.244,-0.366,-0.488,4.14,3.74,-21.46
2021-02-15 12:48:58,-0.198,0.23199999999999998,2.9739999999999998,0.0,0.0,0.0,4.14,3.74,-21.46
2021-02-15 12:48:58,-0.195,0.201,2.955,0.183,0.305,0.244,4.15,3.75,-21.46
2021-02-15 12:48:58,-0.20199999999999999,0.182,2.944,0.0,0.0,0.244,4.15,3.75,-21.46
2021-02-15 12:48:59,-0.21,0.221,2.958,-0.305,0.0,-0.183,4.14,3.75,-21.46
2021-02-15 12:48:59,-0.168,0.251,2.965,0.0,0.0,-0.61,4.14,3.75,-21.46
2021-02-15 12:48:59,-0.192,0.237,2.964,0.244,-0.488,-0.244,4.15,3.74,-21.46
2021-02-15 12:48:59,-0.192,0.207,2.947,0.183,0.0,0.488,4.15,3.74,-21.46
2021-02-15 12:48:59,-0.195,0.188,2.9389999999999996,0.0,0.305,0.366,4.15,3.74,-21.46
2021-02-15 12:48:59,-0.207,0.20800000000000002,2.958,-0.488,0.183,0.366,4.14,3.75,-21.46
2021-02-15 12:48:59,-0.175,0.24100000000000002,2.96,-0.488,0.183,0.0,4.14,3.75,-21.46
2021-02-15 12:48:59,-0.174,0.24,2.965,0.0,-0.244,-0.5489999999999999,4.14,3.74,-21.46
2021-02-15 12:48:59,-0.177,0.195,2.9419999999999997,0.42700000000000005,-0.366,0.0,4.15,3.74,-21.46
2021-02-15 12:48:59,-0.217,0.18100000000000002,2.949,-0.183,0.0,0.488,4.15,3.73,-21.46
2021-02-15 12:48:59,-0.215,0.21100000000000002,2.971,-0.244,0.305,0.366,4.14,3.74,-21.46
2021-02-15 12:48:59,-0.198,0.252,2.9730000000000003,-0.244,0.0,0.0,4.14,3.74,-21.46
2021-02-15 12:48:59,-0.18899999999999997,0.249,2.965,0.183,0.0,-0.305,4.14,3.75,-21.46
2021-02-15 12:48:59,-0.18899999999999997,0.203,2.943,0.366,-0.305,-0.61,4.15,3.74,-21.46
2021-02-15 12:48:59,-0.198,0.17300000000000001,2.94,0.0,-0.244,0.0,4.15,3.74,-21.46
2021-02-15 12:48:59,-0.21,0.19699999999999998,2.969,-0.305,0.183,0.366,4.14,3.74,-21.46
2021-02-15 12:48:59,-0.18600000000000003,0.23800000000000002,2.978,0.0,0.305,0.244,4.14,3.75,-21.46
2021-02-15 12:48:59,-0.195,0.244,2.966,0.244,0.0,0.0,4.14,3.74,-21.46
2021-02-15 12:48:59,-0.195,0.244,2.966,0.42700000000000005,0.0,-0.5489999999999999,4.15,3.75,-21.46
2021-02-15 12:48:59,-0.196,0.21899999999999997,2.943,0.42700000000000005,0.0,-0.5489999999999999,4.16,3.75,-21.46
2021-02-15 12:48:59,-0.19,0.192,2.9410000000000003,0.0,-0.244,-0.42700000000000005,4.16,3.74,-21.46
2021-02-15 12:48:59,-0.201,0.20199999999999999,2.9589999999999996,-0.366,0.0,0.305,4.15,3.74,-21.46
2021-02-15 12:48:59,-0.177,0.233,2.97,-0.244,0.366,0.5489999999999999,4.15,3.75,-21.46
2021-02-15 12:48:59,-0.18899999999999997,0.22699999999999998,2.966,0.244,0.0,0.305,4.16,3.74,-21.46
2021-02-15 12:48:59,-0.214,0.205,2.9530000000000003,0.305,0.0,-0.183,4.16,3.74,-21.46
2021-02-15 12:48:59,-0.175,0.20600000000000002,2.938,0.0,0.0,-0.488,4.16,3.75,-21.46
2021-02-15 12:48:59,-0.182,0.226,2.9560000000000004,0.0,-0.366,0.0,4.16,3.74,-21.46
2021-02-15 12:48:59,-0.192,0.244,2.972,-0.244,0.0,0.42700000000000005,4.16,3.74,-21.46
2021-02-15 12:48:59,-0.191,0.23,2.967,0.0,0.42700000000000005,0.5489999999999999,4.16,3.74,-21.46
2021-02-15 12:48:59,-0.21600000000000003,0.20199999999999999,2.9530000000000003,0.183,0.0,0.0,4.17,3.74,-21.46
2021-02-15 12:48:59,-0.192,0.196,2.944,0.0,0.0,-0.488,4.16,3.75,-21.46
2021-02-15 12:48:59,-0.184,0.21899999999999997,2.9560000000000004,-0.305,-0.183,-0.5489999999999999,4.16,3.74,-21.46
2021-02-15 12:48:59,-0.185,0.23399999999999999,2.975,0.0,-0.305,0.0,4.16,3.74,-21.46
2021-02-15 12:48:59,-0.193,0.221,2.972,0.0,0.244,0.42700000000000005,4.16,3.74,-21.46
2021-02-15 12:48:59,-0.20199999999999999,0.19699999999999998,2.9530000000000003,0.0,0.305,0.305,4.16,3.74,-21.46
2021-02-15 12:48:59,-0.20199999999999999,0.207,2.9539999999999997,0.0,0.0,-0.183,4.16,3.74,-21.46
2021-02-15 12:48:59,-0.187,0.23600000000000002,2.9589999999999996,-0.305,0.0,-0.6709999999999999,4.15,3.75,-21.46
2021-02-15 12:48:59,-0.187,0.235,2.971,0.0,-0.42700000000000005,-0.42700000000000005,4.16,3.74,-21.46
2021-02-15 12:48:59,-0.198,0.20800000000000002,2.955,0.0,-0.183,0.305,4.16,3.74,-21.46
2021-02-15 12:48:59,-0.19399999999999998,0.18,2.938,0.0,0.305,0.305,4.16,3.74,-21.46
2021-02-15 12:48:59,-0.207,0.185,2.95,-0.244,0.183,0.183,4.15,3.74,-21.46
2021-02-15 12:48:59,-0.20199999999999999,0.235,2.968,-0.366,0.0,-0.244,4.14,3.74,-21.46
2021-02-15 12:48:59,-0.166,0.258,2.968,0.0,0.0,-0.6709999999999999,4.15,3.75,-21.46
2021-02-15 12:48:59,-0.183,0.225,2.957,0.305,-0.5489999999999999,0.0,4.16,3.74,-21.46
2021-02-15 12:48:59,-0.19699999999999998,0.191,2.944,0.0,0.0,0.5489999999999999,4.16,3.73,-21.46
2021-02-15 12:48:59,-0.21,0.18899999999999997,2.955,-0.305,0.42700000000000005,0.366,4.15,3.74,-21.46
2021-02-15 12:48:59,-0.203,0.23,2.972,-0.366,0.0,0.183,4.14,3.74,-21.46
2021-02-15 12:48:59,-0.179,0.245,2.963,0.0,0.0,-0.366,4.15,3.74,-21.46
2021-02-15 12:48:59,-0.184,0.221,2.9530000000000003,0.42700000000000005,-0.42700000000000005,-0.488,4.16,3.74,-21.46
2021-02-15 12:48:59,-0.179,0.183,2.9330000000000003,0.305,-0.305,0.183,4.16,3.73,-21.46
2021-02-15 12:48:59,-0.214,0.19,2.9589999999999996,-0.305,0.244,0.488,4.15,3.73,-21.46
2021-02-15 12:48:59,-0.196,0.226,2.975,-0.366,0.488,0.305,4.14,3.74,-21.46
2021-02-15 12:48:59,-0.192,0.252,2.972,-0.183,0.0,0.0,4.14,3.74,-21.46
2021-02-15 12:48:59,-0.196,0.23199999999999998,2.9560000000000004,0.366,0.0,-0.488,4.15,3.74,-21.46
2021-02-15 12:48:59,-0.19699999999999998,0.18600000000000003,2.944,0.244,-0.244,-0.5489999999999999,4.16,3.74,-21.46
2021-02-15 12:48:59,-0.21,0.18,2.952,-0.244,0.0,0.183,4.15,3.74,-21.46
2021-02-15 12:48:59,-0.188,0.21899999999999997,2.97,-0.366,0.366,0.366,4.14,3.74,-21.46
2021-02-15 12:48:59,-0.18600000000000003,0.23800000000000002,2.9739999999999998,0.0,0.183,0.183,4.14,3.74,-21.46
2021-02-15 12:48:59,-0.20199999999999999,0.228,2.9539999999999997,0.42700000000000005,0.0,-0.183,4.15,3.74,-21.46
2021-02-15 12:48:59,-0.18600000000000003,0.20800000000000002,2.94,0.366,0.0,-0.61,4.16,3.75,-21.46
2021-02-15 12:48:59,-0.185,0.203,2.9410000000000003,0.0,-0.305,-0.366,4.16,3.74,-21.46
2021-02-15 12:48:59,-0.193,0.223,2.966,-0.42700000000000005,0.0,0.366,4.15,3.74,-21.46
2021-02-15 12:48:59,-0.183,0.24,2.969,-0.183,0.366,0.488,4.15,3.74,-21.46
2021-02-15 12:48:59,-0.201,0.222,2.957,0.244,0.0,0.0,4.16,3.74,-21.46
2021-02-15 12:48:59,-0.203,0.191,2.947,0.0,0.0,-0.366,4.16,3.74,-21.46
2021-02-15 12:48:59,-0.19,0.203,2.951,-0.366,-0.183,-0.42700000000000005,4.15,3.74,-21.46
2021-02-15 12:48:59,-0.175,0.228,2.963,-0.183,-0.244,0.0,4.15,3.74,-21.46
2021-02-15 12:48:59,-0.196,0.23600000000000002,2.9810000000000003,0.0,0.0,0.42700000000000005,4.15,3.74,-21.46
2021-02-15 12:48:59,-0.192,0.217,2.9610000000000003,0.244,0.244,0.61,4.15,3.74,-21.46
2021-02-15 12:48:59,-0.212,0.204,2.9530000000000003,0.0,0.0,0.0,4.15,3.74,-21.46
2021-02-15 12:48:59,-0.193,0.209,2.952,-0.305,0.0,-0.5489999999999999,4.15,3.74,-21.46
2021-02-15 12:48:59,-0.187,0.222,2.9619999999999997,-0.305,-0.305,-0.488,4.15,3.74,-21.46
2021-02-15 12:48:59,-0.191,0.225,2.9739999999999998,0.0,-0.244,0.183,4.15,3.74,-21.46
2021-02-15 12:48:59,-0.19899999999999998,0.195,2.9560000000000004,0.244,0.183,0.244,4.15,3.74,-21.46
2021-02-15 12:48:59,-0.212,0.184,2.9530000000000003,0.0,0.244,0.305,4.15,3.74,-21.46
2021-02-15 12:48:59,-0.20800000000000002,0.222,2.9610000000000003,-0.305,0.0,-0.183,4.14,3.74,-21.46
2021-02-15 12:48:59,-0.179,0.255,2.963,0.0,0.0,-0.61,4.14,3.75,-21.46
2021-02-15 12:48:59,-0.182,0.24,2.9610000000000003,0.183,-0.305,-0.305,4.15,3.74,-21.46
2021-02-15 12:48:59,-0.19,0.204,2.9419999999999997,0.0,0.0,0.305,4.15,3.74,-21.46
2021-02-15 12:48:59,-0.2,0.17800000000000002,2.935,0.0,0.305,0.305,4.15,3.74,-21.46
2021-02-15 12:48:59,-0.20800000000000002,0.19899999999999998,2.9589999999999996,-0.305,0.0,0.305,4.14,3.74,-21.46
2021-02-15 12:48:59,-0.18899999999999997,0.247,2.967,-0.183,0.0,-0.183,4.14,3.74,-21.46
2021-02-15 12:48:59,-0.18100000000000002,0.25,2.966,0.42700000000000005,0.0,-0.61,4.15,3.74,-21.46
2021-02-15 12:48:59,-0.17,0.214,2.944,0.42700000000000005,-0.366,0.0,4.16,3.74,-21.46
2021-02-15 12:48:59,-0.203,0.192,2.951,-0.183,0.0,0.488,4.16,3.73,-21.46
2021-02-15 12:48:59,-0.204,0.20800000000000002,2.9730000000000003,-0.5489999999999999,0.42700000000000005,0.366,4.15,3.74,-21.46
2021-02-15 12:48:59,-0.184,0.245,2.9730000000000003,-0.42700000000000005,0.0,0.244,4.14,3.74,-21.46
2021-02-15 12:48:59,-0.196,0.242,2.965,0.0,0.0,-0.366,4.15,3.74,-21.46
2021-02-15 12:48:59,-0.193,0.203,2.9410000000000003,0.42700000000000005,0.0,-0.732,4.16,3.74,-21.46
2021-02-15 12:48:59,-0.201,0.174,2.94,0.0,-0.244,0.0,4.15,3.74,-21.46
2021-02-15 12:48:59,-0.21100000000000002,0.203,2.97,-0.305,0.183,0.42700000000000005,4.14,3.74,-21.46
2021-02-15 12:48:59,-0.18,0.244,2.9789999999999996,-0.183,0.244,0.244,4.14,3.74,-21.46
2021-02-15 12:48:59,-0.20199999999999999,0.249,2.971,0.183,0.0,0.0,4.15,3.74,-21.46
2021-02-15 12:48:59,-0.19399999999999998,0.223,2.945,0.488,0.0,-0.5489999999999999,4.16,3.74,-21.46
2021-02-15 12:48:59,-0.195,0.18600000000000003,2.9389999999999996,0.0,-0.305,-0.6709999999999999,4.16,3.74,-21.46
2021-02-15 12:48:59,-0.20800000000000002,0.193,2.958,-0.488,0.0,0.305,4.15,3.74,-21.46
2021-02-15 12:48:59,-0.177,0.22899999999999998,2.97,-0.366,0.366,0.5489999999999999,4.14,3.75,-21.46
2021-02-15 12:48:59,-0.193,0.23,2.965,0.0,0.183,0.183,4.14,3.74,-21.46
2021-02-15 12:48:59,-0.207,0.20800000000000002,2.951,0.305,0.0,-0.244,4.15,3.74,-21.46
2021-02-15 12:48:59,-0.18600000000000003,0.205,2.9419999999999997,0.0,0.0,-0.5489999999999999,4.15,3.75,-21.46
2021-02-15 12:48:59,-0.17600000000000002,0.22,2.951,-0.305,-0.366,-0.244,4.14,3.74,-21.46
2021-02-15 12:48:59,-0.193,0.237,2.975,-0.366,0.0,0.42700000000000005,4.14,3.74,-21.46
2021-02-15 12:48:59,-0.193,0.23,2.968,0.0,0.305,0.61,4.15,3.74,-21.46
2021-02-15 12:48:59,-0.20800000000000002,0.203,2.949,0.244,0.0,0.0,4.15,3.74,-21.46
2021-02-15 12:48:59,-0.19699999999999998,0.193,2.944,0.0,0.0,-0.42700000000000005,4.15,3.74,-21.46
2021-02-15 12:48:59,-0.185,0.21899999999999997,2.9560000000000004,-0.305,-0.244,-0.61,4.14,3.74,-21.46
2021-02-15 12:49:00,-0.18899999999999997,0.235,2.975,0.0,-0.366,0.0,4.14,3.74,-21.46
2021-02-15 12:49:00,-0.203,0.221,2.9730000000000003,0.183,0.0,0.366,4.15,3.74,-21.46
2021-02-15 12:49:00,-0.205,0.19399999999999998,2.952,0.0,0.366,0.488,4.15,3.74,-21.46
2021-02-15 12:49:00,-0.213,0.205,2.958,-0.183,0.0,0.0,4.14,3.74,-21.46
2021-02-15 12:49:00,-0.18600000000000003,0.231,2.96,-0.305,0.0,-0.732,4.14,3.75,-21.46
2021-02-15 12:49:00,-0.183,0.23600000000000002,2.9739999999999998,0.0,-0.366,-0.42700000000000005,4.14,3.74,-21.46
2021-02-15 12:49:00,-0.19399999999999998,0.213,2.958,0.244,-0.244,0.183,4.15,3.74,-21.46
2021-02-15 12:49:00,-0.192,0.182,2.938,0.0,0.305,0.366,4.15,3.74,-21.46
2021-02-15 12:49:00,-0.21,0.185,2.949,0.0,0.244,0.366,4.14,3.74,-21.46
2021-02-15 12:49:00,-0.19899999999999998,0.24,2.963,-0.244,0.0,-0.244,4.13,3.75,-21.46
2021-02-15 12:49:00,-0.168,0.265,2.963,0.0,0.0,-0.6709999999999999,4.14,3.75,-21.46
2021-02-15 12:49:00,-0.172,0.226,2.9539999999999997,0.488,-0.5489999999999999,-0.183,4.15,3.74,-21.46
2021-02-15 12:49:00,-0.19699999999999998,0.187,2.9360000000000004,0.0,0.0,0.61,4.15,3.73,-21.46
2021-02-15 12:49:00,-0.212,0.18,2.949,-0.305,0.42700000000000005,0.42700000000000005,4.15,3.74,-21.46
2021-02-15 12:49:00,-0.207,0.226,2.97,-0.42700000000000005,0.244,0.244,4.14,3.74,-21.46
2021-02-15 12:49:00,-0.184,0.255,2.965,0.0,0.183,-0.305,4.14,3.75,-21.46
2021-02-15 12:49:00,-0.18,0.23,2.9539999999999997,0.42700000000000005,-0.244,-0.6709999999999999,4.15,3.74,-21.46
2021-02-15 12:49:00,-0.183,0.18899999999999997,2.9360000000000004,0.183,-0.366,0.0,4.15,3.74,-21.46
2021-02-15 12:49:00,-0.21600000000000003,0.18899999999999997,2.9610000000000003,-0.366,0.0,0.61,4.15,3.74,-21.46
2021-02-15 12:49:00,-0.20199999999999999,0.226,2.975,-0.42700000000000005,0.42700000000000005,0.366,4.14,3.74,-21.46
2021-02-15 12:49:00,-0.2,0.254,2.9739999999999998,0.0,0.0,0.0,4.14,3.74,-21.46
2021-02-15 12:49:00,-0.195,0.233,2.9560000000000004,0.42700000000000005,0.0,-0.5489999999999999,4.15,3.75,-21.46
2021-02-15 12:49:00,-0.193,0.18600000000000003,2.9389999999999996,0.0,-0.42700000000000005,-0.5489999999999999,4.15,3.74,-21.46
2021-02-15 12:49:00,-0.20600000000000002,0.17800000000000002,2.952,-0.366,-0.183,0.244,4.15,3.74,-21.46
2021-02-15 12:49:00,-0.191,0.214,2.971,-0.42700000000000005,0.366,0.488,4.14,3.75,-21.46
2021-02-15 12:49:00,-0.187,0.23600000000000002,2.9739999999999998,-0.183,0.305,0.183,4.13,3.75,-21.46
2021-02-15 12:49:00,-0.209,0.226,2.958,0.366,0.0,-0.366,4.14,3.75,-21.46
2021-02-15 12:49:00,-0.184,0.21,2.9339999999999997,0.244,0.0,-0.5489999999999999,4.14,3.75,-21.46
2021-02-15 12:49:00,-0.179,0.20600000000000002,2.937,-0.244,-0.42700000000000005,-0.183,4.14,3.74,-21.46
2021-02-15 12:49:00,-0.19699999999999998,0.223,2.968,-0.5489999999999999,0.0,0.42700000000000005,4.14,3.74,-21.46
2021-02-15 12:49:00,-0.18600000000000003,0.22699999999999998,2.9739999999999998,-0.305,0.42700000000000005,0.5489999999999999,4.13,3.75,-21.46
2021-02-15 12:49:00,-0.205,0.209,2.9610000000000003,0.183,0.0,0.183,4.14,3.74,-21.46
2021-02-15 12:49:00,-0.2,0.198,2.948,0.244,0.0,-0.488,4.14,3.75,-21.46
2021-02-15 12:49:00,-0.18,0.21600000000000003,2.952,0.0,-0.305,-0.488,4.14,3.74,-21.46
2021-02-15 12:49:00,-0.183,0.243,2.966,0.0,-0.366,0.183,4.14,3.74,-21.46
2021-02-15 12:49:00,-0.19399999999999998,0.23800000000000002,2.977,0.0,0.0,0.42700000000000005,4.14,3.74,-21.46
2021-02-15 12:49:00,-0.196,0.20600000000000002,2.9610000000000003,0.0,0.366,0.305,4.15,3.74,-21.46
2021-02-15 12:49:00,-0.214,0.19399999999999998,2.9539999999999997,0.0,0.0,0.0,4.14,3.74,-21.46
2021-02-15 12:49:00,-0.185,0.212,2.944,0.0,0.0,-0.61,4.14,3.74,-21.46
2021-02-15 12:49:00,-0.188,0.23399999999999999,2.964,0.0,-0.366,-0.488,4.14,3.74,-21.46
2021-02-15 12:49:00,-0.191,0.23,2.971,0.244,0.0,0.305,4.15,3.74,-21.46
2021-02-15 12:49:00,-0.195,0.195,2.958,0.183,0.366,0.305,4.15,3.74,-21.46
2021-02-15 12:49:00,-0.21,0.175,2.95,0.0,0.244,0.244,4.15,3.74,-21.46
2021-02-15 12:49:00,-0.203,0.21600000000000003,2.9560000000000004,-0.244,0.0,0.0,4.14,3.75,-21.46
2021-02-15 12:49:00,-0.182,0.257,2.965,0.0,-0.183,-0.5489999999999999,4.14,3.75,-21.46
2021-02-15 12:49:00,-0.185,0.245,2.9619999999999997,0.305,-0.42700000000000005,-0.183,4.15,3.74,-21.46
2021-02-15 12:49:00,-0.19,0.205,2.943,0.0,0.0,0.42700000000000005,4.15,3.74,-21.46
2021-02-15 12:49:00,-0.198,0.18,2.9389999999999996,0.0,0.366,0.366,4.15,3.74,-21.46
2021-02-15 12:49:00,-0.20800000000000002,0.196,2.957,-0.366,0.244,0.244,4.14,3.74,-21.46
2021-02-15 12:49:00,-0.18899999999999997,0.243,2.969,-0.244,0.0,-0.244,4.14,3.75,-21.46
2021-02-15 12:49:00,-0.183,0.252,2.969,0.366,-0.183,-0.61,4.15,3.74,-21.46
2021-02-15 12:49:00,-0.17800000000000002,0.215,2.948,0.488,-0.305,0.0,4.16,3.74,-21.46
2021-02-15 12:49:00,-0.205,0.195,2.946,-0.244,0.0,0.488,4.15,3.74,-21.46
2021-02-15 12:49:00,-0.20800000000000002,0.205,2.967,-0.5489999999999999,0.42700000000000005,0.305,4.15,3.74,-21.46
2021-02-15 12:49:00,-0.19,0.23600000000000002,2.9739999999999998,-0.42700000000000005,0.0,0.0,4.14,3.74,-21.46
2021-02-15 12:49:00,-0.191,0.23800000000000002,2.9610000000000003,0.183,0.0,-0.488,4.15,3.74,-21.46
2021-02-15 12:49:00,-0.18899999999999997,0.207,2.944,0.488,-0.366,-0.732,4.15,3.74,-21.46
2021-02-15 12:49:00,-0.198,0.18,2.94,0.0,-0.244,0.0,4.15,3.74,-21.46
2021-02-15 12:49:00,-0.217,0.20600000000000002,2.969,-0.42700000000000005,0.244,0.5489999999999999,4.14,3.74,-21.46
2021-02-15 12:49:00,-0.184,0.242,2.9760000000000004,-0.366,0.366,0.305,4.14,3.75,-21.46
2021-02-15 12:49:00,-0.204,0.243,2.972,0.0,0.0,-0.183,4.14,3.74,-21.46
2021-02-15 12:49:00,-0.193,0.214,2.947,0.366,0.0,-0.488,4.15,3.75,-21.46
2021-02-15 12:49:00,-0.192,0.183,2.9410000000000003,0.0,-0.366,-0.42700000000000005,4.15,3.74,-21.46
2021-02-15 12:49:00,-0.20600000000000002,0.195,2.957,-0.42700000000000005,0.0,0.42700000000000005,4.14,3.74,-21.46
2021-02-15 12:49:00,-0.179,0.228,2.968,-0.366,0.42700000000000005,0.61,4.14,3.75,-21.46
2021-02-15 12:49:00,-0.193,0.23199999999999998,2.97,0.0,0.183,0.305,4.14,3.75,-21.46
2021-02-15 12:49:00,-0.204,0.209,2.95,0.305,0.0,-0.305,4.14,3.75,-21.46
2021-02-15 12:49:00,-0.18100000000000002,0.20800000000000002,2.94,0.0,-0.183,-0.305,4.14,3.75,-21.46
2021-02-15 12:49:00,-0.17800000000000002,0.22,2.952,0.0,-0.366,0.0,4.14,3.74,-21.46
2021-02-15 12:49:00,-0.192,0.233,2.971,-0.305,0.0,0.366,4.14,3.74,-21.46
2021-02-15 12:49:00,-0.19,0.228,2.969,0.0,0.366,0.5489999999999999,4.14,3.74,-21.46
2021-02-15 12:49:00,-0.204,0.205,2.955,0.244,0.0,0.0,4.15,3.74,-21.46
2021-02-15 12:49:00,-0.19,0.19899999999999998,2.943,0.0,0.0,-0.6709999999999999,4.15,3.74,-21.46
2021-02-15 12:49:00,-0.18600000000000003,0.22,2.9560000000000004,-0.305,-0.244,-0.488,4.14,3.74,-21.46
2021-02-15 12:49:00,-0.19,0.23800000000000002,2.9760000000000004,0.0,-0.305,0.0,4.14,3.74,-21.46
2021-02-15 12:49:00,-0.203,0.228,2.971,0.244,0.305,0.244,4.15,3.74,-21.46
2021-02-15 12:49:00,-0.20199999999999999,0.201,2.957,0.183,0.305,0.366,4.15,3.74,-21.46
2021-02-15 12:49:00,-0.213,0.20800000000000002,2.958,0.0,0.0,0.0,4.15,3.74,-21.46
2021-02-15 12:49:00,-0.183,0.233,2.958,-0.183,0.0,-0.61,4.15,3.75,-21.46
2021-02-15 12:49:00,-0.19,0.237,2.9730000000000003,0.0,-0.42700000000000005,-0.305,4.15,3.74,-21.46
2021-02-15 12:49:00,-0.188,0.217,2.957,0.244,0.0,0.305,4.15,3.74,-21.46
2021-02-15 12:49:00,-0.191,0.185,2.9410000000000003,0.0,0.244,0.42700000000000005,4.16,3.74,-21.46
2021-02-15 12:49:00,-0.20800000000000002,0.191,2.9560000000000004,-0.183,0.183,0.42700000000000005,4.15,3.74,-21.46
2021-02-15 12:49:00,-0.2,0.235,2.964,-0.366,0.0,0.0,4.14,3.75,-21.46
2021-02-15 12:49:00,-0.17800000000000002,0.262,2.967,0.0,0.0,-0.5489999999999999,4.14,3.75,-21.46
2021-02-15 12:49:00,-0.17800000000000002,0.223,2.949,0.366,-0.42700000000000005,-0.244,4.16,3.74,-21.46
2021-02-15 12:49:00,-0.19699999999999998,0.188,2.937,0.0,0.0,0.5489999999999999,4.16,3.74,-21.46
2021-02-15 12:49:00,-0.20199999999999999,0.185,2.9530000000000003,-0.305,0.42700000000000005,0.366,4.15,3.74,-21.46
2021-02-15 12:49:00,-0.19899999999999998,0.226,2.97,-0.42700000000000005,0.183,0.0,4.14,3.74,-21.46
2021-02-15 12:49:00,-0.185,0.25,2.971,0.0,0.0,-0.42700000000000005,4.14,3.75,-21.46
2021-02-15 12:49:00,-0.182,0.23399999999999999,2.958,0.42700000000000005,-0.244,-0.732,4.15,3.74,-21.46
2021-02-15 12:49:00,-0.182,0.19,2.935,0.305,-0.366,0.0,4.16,3.74,-21.46
2021-02-15 12:49:00,-0.215,0.18600000000000003,2.9560000000000004,-0.366,0.0,0.488,4.15,3.73,-21.46
2021-02-15 12:49:00,-0.203,0.226,2.977,-0.488,0.366,0.305,4.14,3.74,-21.46
2021-02-15 12:49:00,-0.19399999999999998,0.253,2.9739999999999998,0.0,0.0,0.0,4.14,3.74,-21.46
2021-02-15 12:49:00,-0.195,0.23199999999999998,2.957,0.366,0.0,-0.488,4.15,3.74,-21.46
2021-02-15 12:49:00,-0.19399999999999998,0.18899999999999997,2.94,0.0,-0.305,-0.488,4.16,3.74,-21.46
2021-02-15 12:49:00,-0.20600000000000002,0.18100000000000002,2.955,-0.366,-0.183,0.183,4.15,3.74,-21.46
2021-02-15 12:49:00,-0.2,0.214,2.9730000000000003,-0.488,0.305,0.488,4.14,3.74,-21.46
2021-02-15 12:49:00,-0.182,0.239,2.9730000000000003,0.0,0.305,0.366,4.14,3.75,-21.46
2021-02-15 12:49:00,-0.20800000000000002,0.23,2.958,0.366,0.0,-0.183,4.15,3.74,-21.46
2021-02-15 12:49:00,-0.192,0.207,2.9410000000000003,0.305,0.0,-0.42700000000000005,4.15,3.75,-21.46
2021-02-15 12:49:01,-0.184,0.19399999999999998,2.938,-0.183,-0.305,-0.183,4.15,3.74,-21.46
2021-02-15 12:49:01,-0.19899999999999998,0.214,2.963,-0.42700000000000005,0.0,0.366,4.14,3.74,-21.46
2021-02-15 12:49:01,-0.175,0.23399999999999999,2.964,0.0,0.42700000000000005,0.42700000000000005,4.14,3.75,-21.46
2021-02-15 12:49:01,-0.198,0.22,2.96,0.305,0.0,0.183,4.15,3.74,-21.46
2021-02-15 12:49:01,-0.201,0.19899999999999998,2.95,0.244,0.0,-0.42700000000000005,4.15,3.74,-21.46
2021-02-15 12:49:01,-0.182,0.214,2.95,-0.183,0.0,-0.5489999999999999,4.15,3.75,-21.46
2021-02-15 12:49:01,-0.18,0.23600000000000002,2.964,0.0,-0.366,0.0,4.15,3.74,-21.46
2021-02-15 12:49:01,-0.19399999999999998,0.23600000000000002,2.9760000000000004,0.0,0.183,0.305,4.15,3.74,-21.46
2021-02-15 12:49:01,-0.204,0.21100000000000002,2.9610000000000003,0.183,0.366,0.42700000000000005,4.16,3.74,-21.46
2021-02-15 12:49:01,-0.212,0.19899999999999998,2.951,0.0,0.0,0.0,4.15,3.74,-21.46
2021-02-15 12:49:01,-0.191,0.214,2.948,-0.244,0.0,-0.5489999999999999,4.15,3.75,-21.46
2021-02-15 12:49:01,-0.188,0.239,2.965,-0.244,-0.305,-0.488,4.15,3.74,-21.46
2021-02-15 12:49:01,-0.188,0.23399999999999999,2.972,0.244,-0.244,0.0,4.15,3.74,-21.46
2021-02-15 12:49:01,-0.205,0.201,2.957,0.244,0.183,0.366,4.16,3.74,-21.46
2021-02-15 12:49:01,-0.209,0.183,2.949,0.0,0.244,0.42700000000000005,4.16,3.75,-21.46
2021-02-15 12:49:01,-0.213,0.22,2.963,-0.305,0.0,0.0,4.15,3.75,-21.46
2021-02-15 12:49:01,-0.184,0.255,2.966,-0.183,0.0,-0.488,4.15,3.75,-21.46
2021-02-15 12:49:01,-0.18600000000000003,0.23800000000000002,2.964,0.183,-0.42700000000000005,-0.305,4.16,3.75,-21.46
2021-02-15 12:49:01,-0.191,0.20199999999999999,2.943,0.0,0.0,0.42700000000000005,4.16,3.74,-21.46
2021-02-15 12:49:01,-0.196,0.175,2.9419999999999997,-0.183,0.305,0.366,4.16,3.75,-21.46
2021-02-15 12:49:01,-0.207,0.198,2.9610000000000003,-0.42700000000000005,0.183,0.366,4.15,3.75,-21.46
2021-02-15 12:49:01,-0.191,0.245,2.966,-0.305,0.0,-0.183,4.14,3.75,-21.46
2021-02-15 12:49:01,-0.17800000000000002,0.257,2.964,0.244,-0.183,-0.61,4.15,3.75,-21.46
2021-02-15 12:49:01,-0.18,0.209,2.944,0.488,-0.366,-0.244,4.16,3.74,-21.46
2021-02-15 12:49:01,-0.203,0.18600000000000003,2.945,-0.244,0.0,0.42700000000000005,4.16,3.74,-21.46
2021-02-15 12:49:01,-0.207,0.203,2.964,-0.366,0.366,0.244,4.15,3.74,-21.46
2021-02-15 12:49:01,-0.193,0.239,2.9739999999999998,-0.305,0.0,0.0,4.14,3.75,-21.46
2021-02-15 12:49:01,-0.188,0.242,2.9619999999999997,0.183,0.0,-0.366,4.15,3.75,-21.46
2021-02-15 12:49:01,-0.188,0.214,2.946,0.5489999999999999,-0.244,-0.61,4.16,3.74,-21.46
2021-02-15 12:49:01,-0.18600000000000003,0.188,2.938,0.0,-0.183,0.0,4.16,3.74,-21.46
2021-02-15 12:49:01,-0.21600000000000003,0.207,2.968,-0.42700000000000005,0.305,0.42700000000000005,4.15,3.74,-21.46
2021-02-15 12:49:01,-0.191,0.237,2.98,-0.42700000000000005,0.488,0.305,4.14,3.75,-21.46
2021-02-15 12:49:01,-0.19899999999999998,0.24,2.97,0.0,0.0,0.0,4.15,3.75,-21.46
2021-02-15 12:49:01,-0.19899999999999998,0.21100000000000002,2.95,0.305,0.0,-0.42700000000000005,4.15,3.75,-21.46
2021-02-15 12:49:01,-0.193,0.183,2.945,0.0,-0.305,-0.42700000000000005,4.15,3.75,-21.46
2021-02-15 12:49:01,-0.204,0.203,2.964,-0.244,0.0,0.183,4.15,3.75,-21.46
2021-02-15 12:49:01,-0.19,0.233,2.977,-0.183,0.366,0.488,4.14,3.75,-21.46
2021-02-15 12:49:01,-0.18899999999999997,0.23,2.968,0.183,0.305,0.244,4.15,3.75,-21.46
2021-02-15 12:49:01,-0.20800000000000002,0.20800000000000002,2.951,0.366,0.0,-0.244,4.15,3.75,-21.46
2021-02-15 12:49:01,-0.182,0.203,2.935,0.0,0.0,-0.488,4.15,3.76,-21.46
2021-02-15 12:49:01,-0.17600000000000002,0.218,2.947,-0.244,-0.305,-0.244,4.15,3.75,-21.46
2021-02-15 12:49:01,-0.187,0.23600000000000002,2.966,-0.183,0.0,0.305,4.15,3.75,-21.46
2021-02-15 12:49:01,-0.19,0.228,2.965,0.0,0.42700000000000005,0.42700000000000005,4.15,3.75,-21.46
2021-02-15 12:49:01,-0.204,0.204,2.9530000000000003,0.183,0.0,0.0,4.15,3.75,-21.46
2021-02-15 12:49:01,-0.2,0.195,2.9410000000000003,0.0,0.0,-0.42700000000000005,4.15,3.75,-21.46
2021-02-15 12:49:01,-0.183,0.22399999999999998,2.957,-0.366,-0.183,-0.366,4.15,3.75,-21.46
2021-02-15 12:49:01,-0.17600000000000002,0.243,2.97,0.0,-0.305,0.0,4.15,3.75,-21.46
2021-02-15 12:49:01,-0.198,0.228,2.968,0.183,0.0,0.366,4.15,3.74,-21.46
2021-02-15 12:49:01,-0.205,0.19699999999999998,2.957,0.183,0.42700000000000005,0.366,4.16,3.75,-21.46
2021-02-15 12:49:01,-0.21100000000000002,0.205,2.95,-0.183,0.0,0.0,4.15,3.75,-21.46
2021-02-15 12:49:01,-0.19,0.22699999999999998,2.9560000000000004,-0.244,0.0,-0.488,4.15,3.75,-21.46
2021-02-15 12:49:01,-0.18899999999999997,0.23399999999999999,2.966,0.0,-0.366,-0.366,4.15,3.75,-21.46
2021-02-15 12:49:01,-0.192,0.22,2.9610000000000003,0.305,0.0,0.244,4.16,3.75,-21.46
2021-02-15 12:49:01,-0.20600000000000002,0.18899999999999997,2.9539999999999997,0.0,0.366,0.305,4.16,3.75,-21.46
2021-02-15 12:49:01,-0.21,0.193,2.9589999999999996,-0.305,0.305,0.183,4.15,3.75,-21.46
2021-02-15 12:49:01,-0.193,0.233,2.9610000000000003,-0.42700000000000005,0.0,0.0,4.14,3.76,-21.46
2021-02-15 12:49:01,-0.184,0.257,2.972,0.0,0.0,-0.488,4.15,3.76,-21.46
2021-02-15 12:49:01,-0.18600000000000003,0.21899999999999997,2.957,0.305,-0.366,-0.305,4.16,3.75,-21.46
2021-02-15 12:49:01,-0.205,0.185,2.9419999999999997,0.0,0.0,0.244,4.16,3.75,-21.46
2021-02-15 12:49:01,-0.19899999999999998,0.185,2.949,0.0,0.42700000000000005,0.183,4.15,3.76,-21.46
2021-02-15 12:49:01,-0.193,0.221,2.966,-0.305,0.0,0.183,4.14,3.76,-21.46
2021-02-15 12:49:01,-0.19,0.253,2.971,0.0,0.0,-0.183,4.14,3.76,-21.46
2021-02-15 12:49:01,-0.172,0.23800000000000002,2.9530000000000003,0.5489999999999999,0.0,-0.488,4.16,3.76,-21.46
2021-02-15 12:49:01,-0.182,0.193,2.937,0.305,-0.244,0.0,4.16,3.75,-21.46
2021-02-15 12:49:01,-0.204,0.187,2.949,-0.366,0.244,0.305,4.16,3.75,-21.46
2021-02-15 12:49:01,-0.20600000000000002,0.218,2.978,-0.488,0.366,0.305,4.15,3.76,-21.46
2021-02-15 12:49:01,-0.193,0.245,2.972,-0.244,0.0,0.183,4.15,3.76,-21.46
2021-02-15 12:49:01,-0.195,0.226,2.9539999999999997,0.244,0.0,-0.305,4.15,3.76,-21.46
2021-02-15 12:49:01,-0.192,0.19699999999999998,2.94,0.244,-0.244,-0.42700000000000005,4.16,3.75,-21.46
2021-02-15 12:49:01,-0.188,0.19,2.946,0.0,-0.183,0.0,4.15,3.75,-21.46
2021-02-15 12:49:01,-0.212,0.22399999999999998,2.977,-0.366,0.0,0.366,4.15,3.75,-21.46
2021-02-15 12:49:01,-0.188,0.24100000000000002,2.9789999999999996,0.0,0.305,0.305,4.15,3.76,-21.46
2021-02-15 12:49:01,-0.207,0.22899999999999998,2.96,0.244,-0.183,0.0,4.15,3.75,-21.46
2021-02-15 12:49:01,-0.19899999999999998,0.20600000000000002,2.945,0.305,0.0,-0.42700000000000005,4.16,3.76,-21.46
2021-02-15 12:49:01,-0.201,0.195,2.9530000000000003,-0.183,-0.244,-0.42700000000000005,4.16,3.76,-21.46
2021-02-15 12:49:01,-0.20600000000000002,0.21899999999999997,2.971,-0.366,0.0,0.244,4.15,3.76,-21.46
2021-02-15 12:49:01,-0.188,0.231,2.9739999999999998,-0.183,0.183,0.305,4.15,3.76,-21.46
2021-02-15 12:49:01,-0.18899999999999997,0.213,2.958,0.0,0.183,0.244,4.15,3.76,-21.46
2021-02-15 12:49:01,-0.205,0.19899999999999998,2.949,0.0,0.0,0.0,4.15,3.76,-21.46
2021-02-15 12:49:01,-0.18,0.22,2.947,-0.183,0.0,-0.488,4.15,3.76,-21.46
2021-02-15 12:49:01,-0.179,0.235,2.958,-0.183,-0.244,-0.305,4.15,3.76,-21.46
2021-02-15 12:49:01,-0.188,0.235,2.969,0.0,0.0,0.366,4.15,3.75,-21.46
2021-02-15 12:49:01,-0.188,0.207,2.951,0.0,0.244,0.366,4.15,3.75,-21.46
2021-02-15 12:49:01,-0.209,0.188,2.948,0.0,0.0,0.183,4.15,3.75,-21.46
2021-02-15 12:49:01,-0.19699999999999998,0.20199999999999999,2.9539999999999997,-0.244,0.0,-0.244,4.14,3.76,-21.46
2021-02-15 12:49:01,-0.175,0.243,2.968,-0.244,0.0,-0.42700000000000005,4.14,3.76,-21.46
2021-02-15 12:49:01,-0.17600000000000002,0.24,2.9739999999999998,0.244,-0.244,0.0,4.15,3.75,-21.46
2021-02-15 12:49:01,-0.19899999999999998,0.20600000000000002,2.9589999999999996,0.0,0.0,0.366,4.15,3.75,-21.46
2021-02-15 12:49:01,-0.214,0.185,2.952,0.0,0.42700000000000005,0.42700000000000005,4.15,3.75,-21.46
2021-02-15 12:49:01,-0.20800000000000002,0.21600000000000003,2.9560000000000004,-0.366,0.0,0.0,4.14,3.75,-21.46
2021-02-15 12:49:01,-0.18899999999999997,0.24600000000000002,2.964,-0.183,0.0,-0.42700000000000005,4.14,3.76,-21.46
2021-02-15 12:49:01,-0.19,0.24,2.965,0.183,-0.183,-0.488,4.15,3.75,-21.46
2021-02-15 12:49:01,-0.18600000000000003,0.198,2.946,0.42700000000000005,-0.305,0.0,4.16,3.75,-21.46
2021-02-15 12:49:01,-0.21600000000000003,0.171,2.949,0.0,0.0,0.366,4.15,3.75,-21.46
2021-02-15 12:49:01,-0.19899999999999998,0.196,2.958,-0.305,0.366,0.42700000000000005,4.14,3.76,-21.46
2021-02-15 12:49:01,-0.193,0.252,2.971,-0.183,0.0,0.0,4.14,3.76,-21.46
2021-02-15 12:49:01,-0.18600000000000003,0.26,2.964,0.305,0.0,-0.5489999999999999,4.15,3.76,-21.46
2021-02-15 12:49:01,-0.18,0.21,2.943,0.366,-0.366,-0.366,4.16,3.75,-21.46
2021-02-15 12:49:01,-0.20800000000000002,0.18,2.9389999999999996,-0.244,0.0,0.305,4.15,3.75,-21.46
2021-02-15 12:49:01,-0.193,0.18899999999999997,2.952,-0.42700000000000005,0.488,0.42700000000000005,4.15,3.76,-21.46
2021-02-15 12:49:02,-0.191,0.233,2.975,-0.42700000000000005,0.183,0.366,4.14,3.76,-21.46
2021-02-15 12:49:02,-0.196,0.243,2.968,0.183,0.0,-0.305,4.14,3.76,-21.46
2021-02-15 12:49:02,-0.17800000000000002,0.223,2.944,0.488,0.0,-0.5489999999999999,4.15,3.76,-21.46
2021-02-15 12:49:02,-0.182,0.196,2.9410000000000003,0.0,-0.42700000000000005,0.0,4.15,3.75,-21.46
2021-02-15 12:49:02,-0.207,0.205,2.9610000000000003,-0.488,0.0,0.366,4.15,3.75,-21.46
2021-02-15 12:49:02,-0.19699999999999998,0.24,2.9819999999999998,-0.305,0.42700000000000005,0.42700000000000005,4.14,3.75,-21.46
2021-02-15 12:49:02,-0.19,0.243,2.969,0.0,0.0,0.183,4.15,3.75,-21.46
2021-02-15 12:49:02,-0.195,0.21,2.9530000000000003,0.366,0.0,-0.488,4.15,3.75,-21.46
2021-02-15 12:49:02,-0.183,0.191,2.9419999999999997,0.0,-0.244,-0.5489999999999999,4.15,3.75,-21.46
2021-02-15 12:49:02,-0.188,0.203,2.9589999999999996,-0.244,-0.244,0.0,4.15,3.75,-21.46
2021-02-15 12:49:02,-0.204,0.22899999999999998,2.98,-0.366,0.244,0.305,4.14,3.75,-21.46
2021-02-15 12:49:02,-0.18899999999999997,0.23,2.971,0.0,0.366,0.305,4.14,3.75,-21.46
2021-02-15 12:49:02,-0.212,0.215,2.957,0.183,0.0,0.0,4.15,3.75,-21.46
2021-02-15 12:49:02,-0.191,0.21100000000000002,2.948,0.0,0.0,-0.61,4.15,3.76,-21.46
2021-02-15 12:49:02,-0.19,0.21,2.957,-0.366,-0.305,-0.42700000000000005,4.14,3.75,-21.46
2021-02-15 12:49:02,-0.19399999999999998,0.228,2.971,-0.244,-0.183,0.305,4.14,3.75,-21.46
2021-02-15 12:49:02,-0.18,0.22,2.9619999999999997,0.0,0.244,0.42700000000000005,4.14,3.75,-21.46
2021-02-15 12:49:02,-0.203,0.19399999999999998,2.951,0.244,0.183,0.366,4.15,3.75,-21.46
2021-02-15 12:49:02,-0.214,0.201,2.957,0.0,0.0,-0.183,4.14,3.75,-21.46
2021-02-15 12:49:02,-0.18,0.23600000000000002,2.951,-0.244,0.0,-0.61,4.14,3.76,-21.46
2021-02-15 12:49:02,-0.17800000000000002,0.244,2.965,0.0,-0.488,-0.183,4.14,3.75,-21.46
2021-02-15 12:49:02,-0.188,0.23,2.958,0.0,0.0,0.488,4.15,3.75,-21.46
2021-02-15 12:49:02,-0.192,0.191,2.946,0.0,0.42700000000000005,0.366,4.15,3.75,-21.46
2021-02-15 12:49:02,-0.21100000000000002,0.187,2.9539999999999997,-0.183,0.244,0.183,4.14,3.75,-21.46
2021-02-15 12:49:02,-0.18600000000000003,0.22399999999999998,2.9530000000000003,-0.305,0.0,-0.305,4.14,3.75,-21.46
2021-02-15 12:49:02,-0.17,0.25,2.967,0.0,-0.183,-0.61,4.14,3.75,-21.46
2021-02-15 12:49:02,-0.177,0.22899999999999998,2.966,0.42700000000000005,-0.305,0.0,4.15,3.74,-21.46
2021-02-15 12:49:02,-0.207,0.187,2.95,0.0,0.0,0.488,4.15,3.74,-21.46
2021-02-15 12:49:02,-0.21899999999999997,0.187,2.9589999999999996,-0.183,0.366,0.366,4.14,3.75,-21.46
2021-02-15 12:49:02,-0.207,0.235,2.965,-0.305,0.0,0.0,4.14,3.75,-21.46
2021-02-15 12:49:02,-0.18600000000000003,0.257,2.972,0.0,0.0,-0.42700000000000005,4.14,3.75,-21.46
2021-02-15 12:49:02,-0.191,0.228,2.9560000000000004,0.366,-0.366,-0.488,4.15,3.75,-21.46
2021-02-15 12:49:02,-0.201,0.18100000000000002,2.935,0.183,-0.244,0.0,4.15,3.74,-21.46
2021-02-15 12:49:02,-0.213,0.175,2.9539999999999997,-0.305,0.305,0.488,4.15,3.75,-21.46
2021-02-15 12:49:02,-0.18899999999999997,0.21600000000000003,2.97,-0.42700000000000005,0.305,0.305,4.14,3.75,-21.46
2021-02-15 12:49:02,-0.191,0.253,2.972,0.0,0.0,-0.244,4.14,3.75,-21.46
2021-02-15 12:49:02,-0.188,0.242,2.958,0.42700000000000005,0.0,-0.5489999999999999,4.15,3.75,-21.46
2021-02-15 12:49:02,-0.188,0.191,2.937,0.244,-0.488,-0.244,4.15,3.75,-21.46
2021-02-15 12:49:02,-0.212,0.182,2.945,-0.366,0.0,0.366,4.15,3.75,-21.46
2021-02-15 12:49:02,-0.185,0.214,2.9619999999999997,-0.366,0.366,0.5489999999999999,4.14,3.75,-21.46
2021-02-15 12:49:02,-0.18100000000000002,0.24,2.971,0.0,0.0,0.366,4.14,3.75,-21.46
2021-02-15 12:49:02,-0.201,0.228,2.9610000000000003,0.305,0.0,-0.366,4.14,3.75,-21.46
2021-02-15 12:49:02,-0.201,0.228,2.9610000000000003,0.366,-0.183,-0.5489999999999999,4.15,3.75,-21.46
2021-02-15 12:49:02,-0.171,0.20199999999999999,2.938,0.366,-0.183,-0.5489999999999999,4.15,3.75,-21.46
2021-02-15 12:49:02,-0.182,0.193,2.94,0.0,-0.42700000000000005,0.0,4.15,3.74,-21.46
2021-02-15 12:49:02,-0.203,0.22399999999999998,2.969,-0.42700000000000005,0.244,0.366,4.15,3.74,-21.46
2021-02-15 12:49:02,-0.198,0.24100000000000002,2.978,0.0,0.42700000000000005,0.488,4.15,3.75,-21.46
2021-02-15 12:49:02,-0.20800000000000002,0.22899999999999998,2.9589999999999996,0.0,0.183,0.183,4.15,3.75,-21.46
2021-02-15 12:49:02,-0.19699999999999998,0.198,2.945,0.183,0.183,-0.732,4.16,3.75,-21.46
2021-02-15 12:49:02,-0.188,0.195,2.947,-0.244,-0.183,-0.61,4.15,3.75,-21.46
2021-02-15 12:49:02,-0.187,0.22,2.967,-0.183,-0.244,0.244,4.14,3.75,-21.46
2021-02-15 12:49:02,-0.198,0.231,2.9810000000000003,0.0,0.244,0.305,4.15,3.75,-21.46
2021-02-15 12:49:02,-0.19399999999999998,0.214,2.9610000000000003,0.183,0.366,0.183,4.15,3.75,-21.46
2021-02-15 12:49:02,-0.217,0.203,2.952,0.0,0.0,0.0,4.15,3.75,-21.46
2021-02-15 12:49:02,-0.192,0.21600000000000003,2.944,0.0,0.0,-0.7929999999999999,4.15,3.76,-21.46
2021-02-15 12:49:02,-0.192,0.226,2.957,-0.244,-0.366,-0.366,4.15,3.75,-21.46
2021-02-15 12:49:02,-0.19699999999999998,0.23,2.971,0.0,0.0,0.488,4.15,3.75,-21.46
2021-02-15 12:49:02,-0.17600000000000002,0.20800000000000002,2.951,0.0,0.42700000000000005,0.366,4.15,3.76,-21.46
2021-02-15 12:49:02,-0.201,0.188,2.949,0.0,0.183,0.0,4.15,3.75,-21.46
2021-02-15 12:49:02,-0.198,0.21100000000000002,2.9539999999999997,-0.244,0.0,-0.183,4.14,3.76,-21.46
2021-02-15 12:49:02,-0.16899999999999998,0.25,2.963,-0.244,0.0,-0.5489999999999999,4.14,3.76,-21.46
2021-02-15 12:49:02,-0.17800000000000002,0.243,2.968,0.183,-0.42700000000000005,0.0,4.15,3.75,-21.46
2021-02-15 12:49:02,-0.19399999999999998,0.207,2.9530000000000003,0.0,0.0,0.5489999999999999,4.15,3.74,-21.46
2021-02-15 12:49:02,-0.209,0.185,2.952,0.0,0.366,0.366,4.15,3.75,-21.46
2021-02-15 12:49:02,-0.205,0.209,2.958,-0.183,0.0,0.0,4.14,3.75,-21.46
2021-02-15 12:49:02,-0.18100000000000002,0.245,2.965,-0.183,0.0,-0.305,4.14,3.75,-21.46
2021-02-15 12:49:02,-0.177,0.244,2.967,0.183,-0.366,-0.42700000000000005,4.15,3.75,-21.46
2021-02-15 12:49:02,-0.18,0.20600000000000002,2.947,0.488,-0.244,0.0,4.16,3.74,-21.46
2021-02-15 12:49:02,-0.214,0.177,2.952,0.0,0.305,0.366,4.16,3.74,-21.46
2021-02-15 12:49:02,-0.20800000000000002,0.20199999999999999,2.965,-0.305,0.488,0.305,4.15,3.75,-21.46
2021-02-15 12:49:02,-0.198,0.251,2.9739999999999998,-0.305,0.0,-0.183,4.14,3.75,-21.46
2021-02-15 12:49:02,-0.192,0.251,2.967,0.183,0.0,-0.488,4.15,3.75,-21.46
2021-02-15 12:49:02,-0.193,0.203,2.947,0.305,-0.366,-0.244,4.16,3.75,-21.46
2021-02-15 12:49:02,-0.20800000000000002,0.171,2.9410000000000003,0.0,-0.183,0.244,4.16,3.75,-21.46
2021-02-15 12:49:02,-0.193,0.192,2.958,-0.366,0.366,0.42700000000000005,4.15,3.75,-21.46
2021-02-15 12:49:02,-0.175,0.237,2.971,-0.244,0.183,0.42700000000000005,4.14,3.75,-21.46
2021-02-15 12:49:02,-0.198,0.252,2.968,0.0,0.0,-0.244,4.14,3.75,-21.46
2021-02-15 12:49:02,-0.187,0.222,2.9419999999999997,0.488,0.0,-0.488,4.15,3.75,-21.46
2021-02-15 12:49:02,-0.188,0.187,2.93,0.0,-0.366,0.0,4.16,3.75,-21.46
2021-02-15 12:49:02,-0.207,0.2,2.955,-0.5489999999999999,0.0,0.366,4.15,3.75,-21.46
2021-02-15 12:49:02,-0.185,0.23,2.975,-0.366,0.42700000000000005,0.305,4.14,3.75,-21.46
2021-02-15 12:49:02,-0.187,0.239,2.97,0.0,0.0,0.305,4.14,3.75,-21.46
2021-02-15 12:49:02,-0.191,0.213,2.951,0.244,0.0,-0.42700000000000005,4.15,3.75,-21.46
2021-02-15 12:49:02,-0.17800000000000002,0.19699999999999998,2.9410000000000003,0.0,-0.183,-0.61,4.15,3.75,-21.46
2021-02-15 12:49:02,-0.188,0.20800000000000002,2.95,-0.183,-0.244,0.0,4.14,3.74,-21.46
2021-02-15 12:49:02,-0.201,0.235,2.9789999999999996,-0.366,0.183,0.244,4.14,3.74,-21.46
2021-02-15 12:49:02,-0.198,0.237,2.9739999999999998,0.0,0.305,0.183,4.14,3.75,-21.46
2021-02-15 12:49:02,-0.214,0.213,2.955,0.244,0.0,0.0,4.15,3.75,-21.46
2021-02-15 12:49:02,-0.191,0.20199999999999999,2.94,0.0,0.0,-0.488,4.15,3.75,-21.46
2021-02-15 12:49:02,-0.19399999999999998,0.20800000000000002,2.958,-0.305,-0.305,-0.5489999999999999,4.14,3.75,-21.46
2021-02-15 12:49:02,-0.192,0.228,2.972,0.0,0.0,0.244,4.14,3.75,-21.46
2021-02-15 12:49:03,-0.188,0.22399999999999998,2.972,0.0,0.244,0.366,4.15,3.75,-21.46
2021-02-15 12:49:03,-0.196,0.20199999999999999,2.949,0.183,0.183,0.305,4.15,3.75,-21.46
2021-02-15 12:49:03,-0.215,0.204,2.9530000000000003,0.0,0.0,0.0,4.15,3.75,-21.46
2021-02-15 12:49:03,-0.187,0.23199999999999998,2.951,-0.305,0.0,-0.488,4.14,3.75,-21.46
2021-02-15 12:49:03,-0.184,0.23800000000000002,2.9619999999999997,0.0,-0.366,-0.366,4.15,3.75,-21.46
2021-02-15 12:49:03,-0.191,0.221,2.9610000000000003,0.0,-0.183,0.366,4.15,3.75,-21.46
2021-02-15 12:49:03,-0.184,0.188,2.9419999999999997,0.183,0.244,0.488,4.15,3.75,-21.46
2021-02-15 12:49:03,-0.205,0.19,2.9539999999999997,0.0,0.0,0.305,4.15,3.74,-21.46
2021-02-15 12:49:03,-0.19,0.228,2.96,-0.183,0.0,-0.244,4.14,3.75,-21.46
2021-02-15 12:49:03,-0.177,0.253,2.972,0.0,-0.183,-0.488,4.14,3.74,-21.46
2021-02-15 12:49:03,-0.182,0.235,2.965,0.42700000000000005,-0.366,0.0,4.15,3.74,-21.46
2021-02-15 12:49:03,-0.20199999999999999,0.193,2.945,0.183,0.0,0.366,4.16,3.74,-21.46
2021-02-15 12:49:03,-0.21600000000000003,0.188,2.958,-0.244,0.42700000000000005,0.488,4.15,3.74,-21.46
2021-02-15 12:49:03,-0.198,0.22899999999999998,2.966,-0.366,0.183,0.0,4.15,3.75,-21.46
2021-02-15 12:49:03,-0.185,0.252,2.967,0.0,0.0,-0.5489999999999999,4.15,3.75,-21.46
2021-02-15 12:49:03,-0.182,0.225,2.9560000000000004,0.366,-0.244,-0.61,4.16,3.74,-21.46
2021-02-15 12:49:03,-0.187,0.18600000000000003,2.937,0.305,-0.305,0.0,4.16,3.74,-21.46
2021-02-15 12:49:03,-0.217,0.18,2.955,-0.183,0.183,0.42700000000000005,4.16,3.74,-21.46
2021-02-15 12:49:03,-0.19699999999999998,0.21899999999999997,2.971,-0.366,0.366,0.42700000000000005,4.15,3.75,-21.46
2021-02-15 12:49:03,-0.198,0.254,2.9730000000000003,0.0,0.0,0.0,4.15,3.75,-21.46
2021-02-15 12:49:03,-0.193,0.242,2.958,0.42700000000000005,0.0,-0.6709999999999999,4.16,3.75,-21.46
2021-02-15 12:49:03,-0.191,0.19,2.94,0.305,-0.305,-0.488,4.16,3.74,-21.46
2021-02-15 12:49:03,-0.20800000000000002,0.179,2.949,-0.366,0.0,0.305,4.16,3.74,-21.46
2021-02-15 12:49:03,-0.187,0.21,2.965,-0.488,0.42700000000000005,0.5489999999999999,4.15,3.75,-21.46
2021-02-15 12:49:03,-0.188,0.24600000000000002,2.971,-0.305,0.244,0.42700000000000005,4.14,3.75,-21.46
2021-02-15 12:49:03,-0.203,0.23399999999999999,2.963,0.183,0.244,-0.366,4.15,3.75,-21.46
2021-02-15 12:49:03,-0.185,0.209,2.94,0.244,0.0,-0.732,4.16,3.75,-21.46
2021-02-15 12:49:03,-0.183,0.193,2.938,-0.183,-0.42700000000000005,0.0,4.15,3.75,-21.46
2021-02-15 12:49:03,-0.20199999999999999,0.215,2.966,-0.5489999999999999,0.0,0.366,4.14,3.75,-21.46
2021-02-15 12:49:03,-0.192,0.235,2.9819999999999998,-0.183,0.42700000000000005,0.488,4.14,3.75,-21.46
2021-02-15 12:49:03,-0.2,0.228,2.9610000000000003,0.305,0.0,0.244,4.15,3.75,-21.46
2021-02-15 12:49:03,-0.19699999999999998,0.203,2.943,0.305,0.0,-0.61,4.15,3.75,-21.46
2021-02-15 12:49:03,-0.188,0.19899999999999998,2.944,0.0,-0.305,-0.61,4.15,3.75,-21.46
2021-02-15 12:49:03,-0.19899999999999998,0.218,2.964,-0.244,-0.305,0.183,4.15,3.75,-21.46
2021-02-15 12:49:03,-0.203,0.23399999999999999,2.9789999999999996,-0.244,0.183,0.42700000000000005,4.15,3.75,-21.46
2021-02-15 12:49:03,-0.19699999999999998,0.217,2.963,0.0,0.305,0.366,4.15,3.75,-21.46
2021-02-15 12:49:03,-0.218,0.201,2.9589999999999996,0.0,0.0,0.0,4.15,3.75,-21.46
2021-02-15 12:49:03,-0.18,0.212,2.948,0.0,0.0,-0.6709999999999999,4.15,3.76,-21.46
2021-02-15 12:49:03,-0.183,0.222,2.9610000000000003,-0.305,-0.5489999999999999,-0.42700000000000005,4.14,3.75,-21.46
2021-02-15 12:49:03,-0.188,0.23399999999999999,2.971,0.0,-0.183,0.488,4.14,3.75,-21.46
2021-02-15 12:49:03,-0.18,0.21100000000000002,2.951,0.244,0.244,0.42700000000000005,4.15,3.75,-21.46
2021-02-15 12:49:03,-0.204,0.18899999999999997,2.95,0.183,0.0,0.244,4.15,3.74,-21.46
2021-02-15 12:49:03,-0.20199999999999999,0.20800000000000002,2.95,0.0,0.0,-0.244,4.15,3.75,-21.46
2021-02-15 12:49:03,-0.17600000000000002,0.245,2.9560000000000004,-0.183,-0.183,-0.5489999999999999,4.14,3.75,-21.46
2021-02-15 12:49:03,-0.17,0.24,2.964,0.183,-0.488,0.0,4.15,3.74,-21.46
2021-02-15 12:49:03,-0.188,0.209,2.952,0.0,0.0,0.488,4.16,3.73,-21.46
2021-02-15 12:49:03,-0.201,0.185,2.948,0.0,0.42700000000000005,0.42700000000000005,4.16,3.74,-21.46
2021-02-15 12:49:03,-0.201,0.205,2.9539999999999997,-0.244,0.183,0.0,4.15,3.74,-21.46
2021-02-15 12:49:03,-0.184,0.244,2.964,-0.305,0.0,-0.488,4.14,3.74,-21.46
2021-02-15 12:49:03,-0.17800000000000002,0.244,2.97,0.0,-0.244,-0.488,4.15,3.74,-21.46
2021-02-15 12:49:03,-0.19,0.212,2.951,0.42700000000000005,-0.305,0.0,4.16,3.73,-21.46
2021-02-15 12:49:03,-0.217,0.18600000000000003,2.955,0.0,0.305,0.42700000000000005,4.16,3.73,-21.46
2021-02-15 12:49:03,-0.213,0.198,2.966,-0.366,0.42700000000000005,0.244,4.15,3.74,-21.46
2021-02-15 12:49:03,-0.198,0.24600000000000002,2.9760000000000004,-0.305,0.0,0.0,4.14,3.74,-21.46
2021-02-15 12:49:03,-0.182,0.251,2.969,0.305,0.0,-0.488,4.15,3.75,-21.46
2021-02-15 12:49:03,-0.19,0.207,2.951,0.366,-0.42700000000000005,-0.305,4.16,3.74,-21.46
2021-02-15 12:49:03,-0.205,0.174,2.938,0.0,0.0,0.305,4.16,3.74,-21.46
2021-02-15 12:49:03,-0.207,0.195,2.9560000000000004,-0.42700000000000005,0.488,0.366,4.15,3.75,-21.46
2021-02-15 12:49:03,-0.18899999999999997,0.235,2.9730000000000003,-0.366,0.305,0.183,4.14,3.75,-21.46
2021-02-15 12:49:03,-0.2,0.252,2.966,0.0,0.0,-0.305,4.14,3.75,-21.46
2021-02-15 12:49:03,-0.182,0.222,2.943,0.42700000000000005,-0.183,-0.5489999999999999,4.15,3.75,-21.46
2021-02-15 12:49:03,-0.179,0.182,2.932,0.0,-0.42700000000000005,0.0,4.16,3.74,-21.46
2021-02-15 12:49:03,-0.201,0.19399999999999998,2.9560000000000004,-0.42700000000000005,0.0,0.366,4.15,3.74,-21.46
2021-02-15 12:49:03,-0.183,0.22899999999999998,2.977,-0.244,0.366,0.305,4.14,3.74,-21.46
2021-02-15 12:49:03,-0.191,0.244,2.968,0.0,0.0,0.244,4.14,3.74,-21.46
2021-02-15 12:49:03,-0.19699999999999998,0.217,2.948,0.366,0.0,-0.366,4.15,3.74,-21.46
2021-02-15 12:49:03,-0.185,0.198,2.9389999999999996,0.0,-0.366,-0.488,4.15,3.74,-21.46
2021-02-15 12:49:03,-0.19699999999999998,0.198,2.95,-0.244,-0.366,0.183,4.15,3.73,-21.46
2021-02-15 12:49:03,-0.201,0.223,2.9789999999999996,-0.42700000000000005,0.244,0.42700000000000005,4.14,3.74,-21.46
2021-02-15 12:49:03,-0.193,0.228,2.978,0.0,0.244,0.305,4.14,3.74,-21.46
2021-02-15 12:49:03,-0.205,0.217,2.9589999999999996,0.305,0.0,0.0,4.15,3.74,-21.46
2021-02-15 12:49:03,-0.187,0.212,2.943,0.0,0.0,-0.488,4.15,3.74,-21.46
2021-02-15 12:49:03,-0.18899999999999997,0.217,2.9560000000000004,-0.305,-0.366,-0.366,4.14,3.74,-21.46
2021-02-15 12:49:03,-0.193,0.23199999999999998,2.9739999999999998,-0.244,0.0,0.366,4.14,3.74,-21.46
2021-02-15 12:49:03,-0.18899999999999997,0.21899999999999997,2.972,0.0,0.366,0.366,4.15,3.74,-21.46
2021-02-15 12:49:03,-0.195,0.188,2.948,0.244,0.0,0.183,4.15,3.74,-21.46
2021-02-15 12:49:03,-0.21100000000000002,0.193,2.949,0.0,0.0,-0.183,4.14,3.74,-21.46
2021-02-15 12:49:03,-0.17600000000000002,0.228,2.949,0.0,0.0,-0.61,4.14,3.74,-21.46
2021-02-15 12:49:03,-0.179,0.243,2.963,0.0,-0.366,0.0,4.14,3.74,-21.46
2021-02-15 12:49:03,-0.184,0.231,2.964,0.0,0.0,0.488,4.15,3.73,-21.46
2021-02-15 12:49:03,-0.18899999999999997,0.19899999999999998,2.948,0.0,0.488,0.244,4.15,3.74,-21.46
2021-02-15 12:49:03,-0.207,0.196,2.9530000000000003,0.0,0.244,0.0,4.15,3.74,-21.46
2021-02-15 12:49:03,-0.184,0.222,2.958,-0.366,0.0,-0.305,4.14,3.74,-21.46
2021-02-15 12:49:03,-0.177,0.245,2.968,-0.183,0.0,-0.488,4.14,3.74,-21.46
2021-02-15 12:49:03,-0.183,0.223,2.965,0.366,0.0,0.0,4.15,3.74,-21.46
2021-02-15 12:49:03,-0.217,0.192,2.957,0.183,0.244,0.366,4.15,3.74,-21.46
2021-02-15 12:49:03,-0.217,0.187,2.955,0.0,0.42700000000000005,0.244,4.15,3.74,-21.46
2021-02-15 12:49:03,-0.201,0.23399999999999999,2.963,-0.366,0.0,0.0,4.14,3.75,-21.46
2021-02-15 12:49:03,-0.18,0.258,2.968,0.0,0.0,-0.305,4.14,3.75,-21.46
2021-02-15 12:49:03,-0.184,0.228,2.9610000000000003,0.244,-0.244,-0.42700000000000005,4.15,3.74,-21.46
2021-02-15 12:49:03,-0.20199999999999999,0.185,2.943,0.183,0.0,0.0,4.16,3.74,-21.46
2021-02-15 12:49:03,-0.214,0.177,2.945,-0.244,0.366,0.366,4.15,3.75,-21.46
2021-02-15 12:49:03,-0.201,0.214,2.9610000000000003,-0.488,0.244,0.244,4.14,3.75,-21.46
2021-02-15 12:49:03,-0.205,0.25,2.971,-0.183,0.0,-0.244,4.14,3.75,-21.46
2021-02-15 12:49:03,-0.182,0.24600000000000002,2.957,0.42700000000000005,0.0,-0.42700000000000005,4.15,3.76,-21.46
2021-02-15 12:49:03,-0.188,0.196,2.9360000000000004,0.305,-0.42700000000000005,-0.305,4.15,3.75,-21.46
2021-02-15 12:49:03,-0.20199999999999999,0.187,2.951,-0.305,0.0,0.183,4.15,3.75,-21.46
2021-02-15 12:49:03,-0.191,0.21100000000000002,2.965,-0.366,0.244,0.366,4.14,3.75,-21.46
2021-02-15 12:49:03,-0.184,0.244,2.97,0.0,0.0,0.366,4.14,3.75,-21.46
2021-02-15 12:49:03,-0.193,0.23,2.958,0.366,0.0,-0.305,4.15,3.75,-21.46
2021-02-15 12:49:03,-0.188,0.205,2.944,0.305,-0.183,-0.42700000000000005,4.15,3.75,-21.46
2021-02-15 12:49:03,-0.18,0.193,2.938,0.0,-0.244,0.0,4.15,3.74,-21.46
2021-02-15 12:49:03,-0.21100000000000002,0.21600000000000003,2.969,-0.488,0.0,0.305,4.14,3.74,-21.46
2021-02-15 12:49:03,-0.19,0.237,2.9789999999999996,-0.244,0.366,0.488,4.14,3.75,-21.46
2021-02-15 12:49:03,-0.2,0.23600000000000002,2.96,0.183,0.0,0.244,4.15,3.75,-21.46
2021-02-15 12:49:03,-0.191,0.207,2.944,0.366,0.0,-0.488,4.16,3.75,-21.46
2021-02-15 12:49:03,-0.195,0.18899999999999997,2.949,-0.183,-0.244,-0.305,4.15,3.75,-21.46
2021-02-15 12:49:03,-0.2,0.213,2.967,-0.244,0.0,0.305,4.15,3.75,-21.46
2021-02-15 12:49:04,-0.187,0.22899999999999998,2.9760000000000004,0.0,0.305,0.244,4.15,3.75,-21.46
2021-02-15 12:49:04,-0.19,0.22399999999999998,2.957,0.366,0.183,0.366,4.15,3.75,-21.46
2021-02-15 12:49:04,-0.20800000000000002,0.20600000000000002,2.95,0.366,0.0,0.0,4.16,3.75,-21.46
2021-02-15 12:49:04,-0.191,0.217,2.947,0.0,0.0,-0.61,4.15,3.75,-21.46
2021-02-15 12:49:04,-0.18,0.225,2.9539999999999997,-0.244,-0.183,-0.305,4.15,3.75,-21.46
2021-02-15 12:49:04,-0.184,0.235,2.969,-0.244,0.0,0.366,4.15,3.75,-21.46
2021-02-15 12:49:04,-0.183,0.213,2.9539999999999997,0.0,0.366,0.0,4.16,3.75,-21.46
2021-02-15 12:49:04,-0.205,0.193,2.95,0.183,0.183,0.183,4.16,3.75,-21.46
2021-02-15 12:49:04,-0.19899999999999998,0.207,2.95,0.0,0.183,-0.244,4.15,3.75,-21.46
2021-02-15 12:49:04,-0.182,0.24600000000000002,2.964,-0.183,0.0,-0.6709999999999999,4.15,3.75,-21.46
2021-02-15 12:49:04,-0.179,0.245,2.9739999999999998,0.244,0.0,-0.244,4.16,3.75,-21.46
2021-02-15 12:49:04,-0.203,0.20800000000000002,2.9589999999999996,0.0,0.0,0.42700000000000005,4.16,3.75,-21.46
2021-02-15 12:49:04,-0.205,0.183,2.951,0.0,0.366,0.366,4.16,3.75,-21.46
2021-02-15 12:49:04,-0.21100000000000002,0.209,2.9589999999999996,-0.183,0.0,0.0,4.15,3.75,-21.46
2021-02-15 12:49:04,-0.18899999999999997,0.248,2.969,-0.183,0.0,-0.305,4.15,3.76,-21.46
2021-02-15 12:49:04,-0.19,0.24100000000000002,2.969,0.0,-0.183,-0.5489999999999999,4.16,3.75,-21.46
2021-02-15 12:49:04,-0.195,0.205,2.9539999999999997,0.244,-0.183,0.0,4.16,3.75,-21.46
2021-02-15 12:49:04,-0.21100000000000002,0.16899999999999998,2.943,-0.183,0.183,0.366,4.16,3.75,-21.46
2021-02-15 12:49:04,-0.207,0.19,2.957,-0.5489999999999999,0.244,0.488,4.15,3.76,-21.46
2021-02-15 12:49:04,-0.196,0.24100000000000002,2.97,-0.366,0.0,0.0,4.14,3.76,-21.46
2021-02-15 12:49:04,-0.185,0.254,2.968,0.183,0.0,-0.42700000000000005,4.15,3.76,-21.46
2021-02-15 12:49:04,-0.18600000000000003,0.213,2.949,0.42700000000000005,-0.42700000000000005,-0.305,4.16,3.75,-21.46
2021-02-15 12:49:04,-0.205,0.179,2.9419999999999997,0.0,-0.244,0.183,4.16,3.75,-21.46
2021-02-15 12:49:04,-0.19399999999999998,0.188,2.952,-0.366,0.183,0.5489999999999999,4.15,3.75,-21.46
2021-02-15 12:49:04,-0.191,0.23600000000000002,2.971,-0.305,0.0,0.42700000000000005,4.14,3.75,-21.46
2021-02-15 12:49:04,-0.193,0.24600000000000002,2.963,0.183,0.0,-0.366,4.15,3.75,-21.46
2021-02-15 12:49:04,-0.182,0.221,2.95,0.5489999999999999,0.0,-0.732,4.16,3.75,-21.46
2021-02-15 12:49:04,-0.18100000000000002,0.191,2.9360000000000004,0.183,-0.42700000000000005,-0.183,4.16,3.75,-21.46
2021-02-15 12:49:04,-0.20600000000000002,0.19899999999999998,2.963,-0.42700000000000005,0.0,0.305,4.15,3.75,-21.46
2021-02-15 12:49:04,-0.195,0.23,2.983,-0.305,0.305,0.5489999999999999,4.14,3.75,-21.46
2021-02-15 12:49:04,-0.191,0.25,2.97,0.0,0.183,0.244,4.15,3.75,-21.46
2021-02-15 12:49:04,-0.196,0.222,2.9530000000000003,0.42700000000000005,0.183,-0.61,4.16,3.75,-21.46
2021-02-15 12:49:04,-0.198,0.18899999999999997,2.9389999999999996,0.0,-0.183,-0.61,4.16,3.75,-21.46
2021-02-15 12:49:04,-0.198,0.19399999999999998,2.9560000000000004,-0.183,-0.244,0.183,4.15,3.75,-21.46
2021-02-15 12:49:04,-0.198,0.225,2.977,-0.244,0.183,0.5489999999999999,4.15,3.75,-21.46
2021-02-15 12:49:04,-0.18100000000000002,0.237,2.969,0.0,0.366,0.61,4.15,3.76,-21.46
2021-02-15 12:49:04,-0.21,0.22,2.958,0.305,0.183,0.0,4.16,3.75,-21.46
2021-02-15 12:49:04,-0.19,0.207,2.944,0.0,0.183,-0.7929999999999999,4.16,3.76,-21.46
2021-02-15 12:49:04,-0.184,0.20199999999999999,2.947,-0.305,-0.305,-0.488,4.15,3.76,-21.46
2021-02-15 12:49:04,-0.19,0.23,2.966,-0.305,-0.183,0.488,4.15,3.75,-21.46
2021-02-15 12:49:04,-0.17600000000000002,0.23800000000000002,2.963,0.0,0.366,0.488,4.15,3.75,-21.46
2021-02-15 12:49:04,-0.20600000000000002,0.21100000000000002,2.955,0.244,0.305,0.244,4.16,3.75,-21.46
2021-02-15 12:49:04,-0.20800000000000002,0.19699999999999998,2.952,0.0,0.244,-0.305,4.15,3.76,-21.46
2021-02-15 12:49:04,-0.18100000000000002,0.21899999999999997,2.9560000000000004,-0.366,0.0,-0.8540000000000001,4.15,3.76,-21.46
2021-02-15 12:49:04,-0.18100000000000002,0.22899999999999998,2.967,0.0,-0.42700000000000005,-0.305,4.15,3.75,-21.46
2021-02-15 12:49:04,-0.193,0.223,2.967,0.0,0.0,0.61,4.15,3.75,-21.46
2021-02-15 12:49:04,-0.205,0.20199999999999999,2.957,0.0,0.366,0.5489999999999999,4.15,3.75,-21.46
2021-02-15 12:49:04,-0.21100000000000002,0.20600000000000002,2.958,0.0,0.0,0.0,4.15,3.76,-21.46
2021-02-15 12:49:04,-0.18600000000000003,0.22899999999999998,2.9560000000000004,-0.366,0.0,-0.488,4.15,3.76,-21.46
2021-02-15 12:49:04,-0.183,0.24,2.964,-0.305,-0.366,-0.61,4.15,3.76,-21.46
2021-02-15 12:49:04,-0.191,0.21899999999999997,2.966,0.183,-0.42700000000000005,0.0,4.15,3.75,-21.46
2021-02-15 12:49:04,-0.20800000000000002,0.182,2.952,0.0,0.0,0.6709999999999999,4.15,3.75,-21.46
2021-02-15 12:49:04,-0.205,0.187,2.952,-0.183,0.244,0.488,4.14,3.75,-21.46
2021-02-15 12:49:04,-0.204,0.235,2.964,-0.305,0.0,-0.244,4.14,3.75,-21.46
2021-02-15 12:49:04,-0.17800000000000002,0.258,2.969,0.0,0.0,-0.5489999999999999,4.14,3.76,-21.46
2021-02-15 12:49:04,-0.182,0.22699999999999998,2.958,0.244,-0.488,-0.305,4.15,3.75,-21.46
2021-02-15 12:49:04,-0.191,0.191,2.9389999999999996,0.0,-0.183,0.305,4.15,3.74,-21.46
2021-02-15 12:49:04,-0.18100000000000002,0.17600000000000002,2.9360000000000004,-0.244,0.244,0.5489999999999999,4.15,3.75,-21.46
2021-02-15 12:49:04,-0.20199999999999999,0.22,2.964,-0.42700000000000005,0.0,0.488,4.14,3.74,-21.46
2021-02-15 12:49:04,-0.183,0.251,2.967,0.0,0.0,-0.42700000000000005,4.14,3.75,-21.46
2021-02-15 12:49:04,-0.182,0.23800000000000002,2.9610000000000003,0.42700000000000005,-0.183,-0.6709999999999999,4.15,3.74,-21.46
2021-02-15 12:49:04,-0.17,0.198,2.9339999999999997,0.42700000000000005,-0.488,0.0,4.15,3.74,-21.46
2021-02-15 12:49:04,-0.207,0.184,2.952,0.0,0.0,0.366,4.15,3.73,-21.46
2021-02-15 12:49:04,-0.205,0.21100000000000002,2.9760000000000004,-0.244,0.488,0.5489999999999999,4.15,3.74,-21.46
2021-02-15 12:49:04,-0.188,0.254,2.9760000000000004,0.0,0.305,0.244,4.14,3.74,-21.46
2021-02-15 12:49:04,-0.19399999999999998,0.242,2.9610000000000003,0.366,0.183,-0.732,4.15,3.74,-21.46
2021-02-15 12:49:04,-0.19,0.195,2.94,0.305,-0.183,-0.7929999999999999,4.16,3.74,-21.46
2021-02-15 12:49:04,-0.19899999999999998,0.18100000000000002,2.943,-0.183,-0.183,0.183,4.16,3.74,-21.46
2021-02-15 12:49:04,-0.209,0.21,2.9739999999999998,-0.366,0.244,0.42700000000000005,4.15,3.74,-21.46
2021-02-15 12:49:04,-0.183,0.24100000000000002,2.9760000000000004,0.0,0.42700000000000005,0.42700000000000005,4.15,3.75,-21.46
2021-02-15 12:49:04,-0.20800000000000002,0.23800000000000002,2.964,0.305,0.0,0.0,4.15,3.75,-21.46
2021-02-15 12:49:04,-0.195,0.21600000000000003,2.944,0.488,0.0,-0.8540000000000001,4.16,3.75,-21.46
2021-02-15 12:49:04,-0.191,0.192,2.938,0.0,-0.42700000000000005,-0.488,4.16,3.75,-21.46
2021-02-15 12:49:04,-0.2,0.21899999999999997,2.9610000000000003,-0.488,-0.183,0.5489999999999999,4.15,3.74,-21.46
2021-02-15 12:49:04,-0.174,0.24100000000000002,2.968,-0.183,0.42700000000000005,0.488,4.15,3.75,-21.46
2021-02-15 12:49:04,-0.196,0.225,2.96,0.183,0.244,0.244,4.16,3.75,-21.46
2021-02-15 12:49:04,-0.207,0.193,2.95,0.0,0.183,-0.183,4.16,3.75,-21.46
2021-02-15 12:49:04,-0.18600000000000003,0.20600000000000002,2.947,-0.305,0.0,-0.732,4.15,3.75,-21.46
2021-02-15 12:49:04,-0.17600000000000002,0.226,2.9560000000000004,-0.305,-0.366,-0.305,4.15,3.75,-21.46
2021-02-15 12:49:04,-0.19,0.23800000000000002,2.9730000000000003,-0.305,0.0,0.61,4.15,3.74,-21.46
2021-02-15 12:49:04,-0.2,0.223,2.968,0.0,0.305,0.61,4.15,3.74,-21.46
2021-02-15 12:49:04,-0.21600000000000003,0.203,2.9560000000000004,0.0,0.0,0.0,4.15,3.75,-21.46
2021-02-15 12:49:04,-0.19399999999999998,0.20600000000000002,2.945,-0.244,0.0,-0.488,4.15,3.75,-21.46
2021-02-15 12:49:04,-0.179,0.225,2.955,-0.366,-0.366,-0.61,4.14,3.75,-21.46
2021-02-15 12:49:04,-0.188,0.22899999999999998,2.9760000000000004,0.0,-0.5489999999999999,0.0,4.15,3.74,-21.46
2021-02-15 12:49:04,-0.198,0.2,2.966,0.183,0.0,0.5489999999999999,4.15,3.74,-21.46
2021-02-15 12:49:04,-0.201,0.188,2.951,0.0,0.305,0.5489999999999999,4.15,3.74,-21.46
2021-02-15 12:49:04,-0.213,0.215,2.96,0.0,0.0,-0.244,4.14,3.74,-21.46
2021-02-15 12:49:04,-0.183,0.247,2.964,-0.244,0.0,-0.6709999999999999,4.14,3.75,-21.46
2021-02-15 12:49:04,-0.185,0.237,2.97,0.0,-0.488,-0.366,4.15,3.74,-21.46
2021-02-15 12:49:04,-0.193,0.20800000000000002,2.951,0.0,-0.244,0.244,4.15,3.74,-21.46
2021-02-15 12:49:04,-0.185,0.174,2.9330000000000003,0.0,0.305,0.488,4.15,3.74,-21.46
2021-02-15 12:49:04,-0.213,0.19399999999999998,2.958,-0.305,0.183,0.61,4.14,3.74,-21.46
2021-02-15 12:49:04,-0.18899999999999997,0.245,2.965,-0.183,0.305,-0.366,4.13,3.75,-21.46
2021-02-15 12:49:04,-0.18,0.253,2.968,0.366,0.0,-0.7929999999999999,4.14,3.74,-21.46
2021-02-15 12:49:04,-0.17,0.217,2.947,0.5489999999999999,-0.488,0.0,4.15,3.74,-21.46
2021-02-15 12:49:04,-0.207,0.187,2.944,0.0,0.0,0.488,4.16,3.73,-21.46
2021-02-15 12:49:04,-0.209,0.192,2.966,-0.183,0.488,0.5489999999999999,4.15,3.74,-21.46
2021-02-15 12:49:04,-0.19,0.237,2.97,-0.244,0.305,0.305,4.14,3.74,-21.46
2021-02-15 12:49:05,-0.191,0.256,2.965,0.183,0.305,-0.5489999999999999,4.15,3.75,-21.46
2021-02-15 12:49:05,-0.188,0.218,2.945,0.5489999999999999,-0.183,-0.9159999999999999,4.16,3.75,-21.46
2021-02-15 12:49:05,-0.196,0.182,2.937,0.0,-0.305,0.0,4.16,3.74,-21.46
2021-02-15 12:49:05,-0.212,0.18899999999999997,2.958,-0.42700000000000005,0.244,0.488,4.15,3.74,-21.46
2021-02-15 12:49:05,-0.192,0.228,2.977,-0.366,0.42700000000000005,0.366,4.14,3.75,-21.46
2021-02-15 12:49:05,-0.20800000000000002,0.248,2.977,0.0,0.305,-0.183,4.15,3.75,-21.46
2021-02-15 12:49:05,-0.19699999999999998,0.231,2.9530000000000003,0.5489999999999999,0.0,-0.7929999999999999,4.16,3.76,-21.46
2021-02-15 12:49:05,-0.188,0.19699999999999998,2.937,0.244,-0.5489999999999999,-0.61,4.16,3.75,-21.46
2021-02-15 12:49:05,-0.203,0.2,2.9539999999999997,-0.366,-0.366,0.5489999999999999,4.15,3.75,-21.46
2021-02-15 12:49:05,-0.17600000000000002,0.23600000000000002,2.972,-0.366,0.305,0.732,4.15,3.75,-21.46
2021-02-15 12:49:05,-0.19,0.23600000000000002,2.966,0.0,0.244,0.244,4.15,3.75,-21.46
2021-02-15 12:49:05,-0.20600000000000002,0.205,2.9530000000000003,0.183,0.0,-0.366,4.16,3.75,-21.46
2021-02-15 12:49:05,-0.177,0.2,2.9410000000000003,0.0,-0.183,-0.61,4.16,3.75,-21.46
2021-02-15 12:49:05,-0.17800000000000002,0.209,2.944,-0.244,-0.61,-0.183,4.15,3.74,-21.46
2021-02-15 12:49:05,-0.196,0.23199999999999998,2.978,-0.5489999999999999,0.0,0.6709999999999999,4.15,3.74,-21.46
2021-02-15 12:49:05,-0.191,0.242,2.9760000000000004,-0.183,0.42700000000000005,0.7929999999999999,4.15,3.74,-21.46
2021-02-15 12:49:05,-0.214,0.21600000000000003,2.96,0.183,0.0,0.0,4.15,3.74,-21.46
2021-02-15 12:49:05,-0.191,0.19699999999999998,2.945,0.0,0.0,-0.61,4.15,3.75,-21.46
2021-02-15 12:49:05,-0.185,0.20800000000000002,2.948,-0.366,-0.488,-0.488,4.15,3.74,-21.46
2021-02-15 12:49:05,-0.193,0.22699999999999998,2.971,0.0,-0.488,0.0,4.15,3.74,-21.46
2021-02-15 12:49:05,-0.19699999999999998,0.221,2.978,0.0,0.183,0.488,4.15,3.74,-21.46
2021-02-15 12:49:05,-0.198,0.201,2.958,0.0,0.305,0.488,4.15,3.74,-21.46
2021-02-15 12:49:05,-0.217,0.203,2.9539999999999997,0.0,0.0,-0.305,4.15,3.74,-21.46
2021-02-15 12:49:05,-0.18600000000000003,0.23199999999999998,2.9539999999999997,-0.244,0.0,-0.7929999999999999,4.14,3.74,-21.46
2021-02-15 12:49:05,-0.185,0.24100000000000002,2.969,0.0,-0.488,-0.42700000000000005,4.14,3.74,-21.46
2021-02-15 12:49:05,-0.191,0.22899999999999998,2.9610000000000003,0.0,0.0,0.366,4.15,3.74,-21.46
2021-02-15 12:49:05,-0.18600000000000003,0.196,2.9410000000000003,0.0,0.488,0.5489999999999999,4.15,3.74,-21.46
2021-02-15 12:49:05,-0.20800000000000002,0.192,2.9539999999999997,0.0,0.366,0.366,4.15,3.74,-21.46
2021-02-15 12:49:05,-0.192,0.22699999999999998,2.958,-0.244,0.305,-0.366,4.14,3.75,-21.46
2021-02-15 12:49:05,-0.171,0.247,2.967,0.0,0.0,-0.7929999999999999,4.14,3.75,-21.46
2021-02-15 12:49:05,-0.168,0.225,2.9610000000000003,0.366,-0.42700000000000005,0.0,4.15,3.74,-21.46
2021-02-15 12:49:05,-0.205,0.18899999999999997,2.945,0.0,0.0,0.61,4.16,3.73,-21.46
2021-02-15 12:49:05,-0.217,0.185,2.9530000000000003,0.0,0.61,0.6709999999999999,4.15,3.74,-21.46
2021-02-15 12:49:05,-0.204,0.231,2.9619999999999997,-0.366,0.305,0.183,4.14,3.75,-21.46
2021-02-15 12:49:05,-0.182,0.259,2.966,-0.183,0.0,-0.61,4.14,3.75,-21.46
2021-02-15 12:49:05,-0.179,0.228,2.958,0.305,-0.305,-0.6709999999999999,4.15,3.75,-21.46
2021-02-15 12:49:05,-0.196,0.184,2.9410000000000003,0.0,-0.366,0.244,4.16,3.74,-21.46
2021-02-15 12:49:05,-0.21600000000000003,0.17300000000000001,2.95,-0.244,0.244,0.42700000000000005,4.15,3.74,-21.46
2021-02-15 12:49:05,-0.205,0.209,2.969,-0.366,0.42700000000000005,0.305,4.14,3.75,-21.46
2021-02-15 12:49:05,-0.19699999999999998,0.255,2.9810000000000003,0.0,0.0,-0.244,4.14,3.75,-21.46
2021-02-15 12:49:05,-0.196,0.253,2.966,0.61,0.0,-0.7929999999999999,4.15,3.75,-21.46
2021-02-15 12:49:05,-0.195,0.198,2.944,0.366,-0.488,-0.488,4.16,3.75,-21.46
2021-02-15 12:49:05,-0.204,0.18100000000000002,2.94,-0.305,-0.305,0.366,4.15,3.75,-21.46
2021-02-15 12:49:05,-0.191,0.21100000000000002,2.96,-0.5489999999999999,0.305,0.488,4.14,3.75,-21.46
2021-02-15 12:49:05,-0.182,0.23800000000000002,2.972,-0.244,0.183,0.244,4.14,3.75,-21.46
2021-02-15 12:49:05,-0.205,0.231,2.96,0.244,0.0,-0.366,4.15,3.75,-21.46
2021-02-15 12:49:05,-0.17,0.20600000000000002,2.9360000000000004,0.366,0.0,-0.61,4.15,3.75,-21.46
2021-02-15 12:49:05,-0.17600000000000002,0.19,2.9360000000000004,0.0,-0.5489999999999999,0.0,4.15,3.74,-21.46
2021-02-15 12:49:05,-0.20199999999999999,0.213,2.968,-0.5489999999999999,0.0,0.6709999999999999,4.14,3.74,-21.46
2021-02-15 12:49:05,-0.19,0.23800000000000002,2.9789999999999996,-0.305,0.42700000000000005,0.732,4.14,3.74,-21.46
2021-02-15 12:49:05,-0.204,0.237,2.966,0.0,0.0,0.305,4.14,3.74,-21.46
2021-02-15 12:49:05,-0.18899999999999997,0.204,2.945,0.183,0.0,-0.488,4.15,3.74,-21.46
2021-02-15 12:49:05,-0.185,0.196,2.9410000000000003,-0.305,-0.305,-0.366,4.14,3.74,-21.46
2021-02-15 12:49:05,-0.19399999999999998,0.207,2.964,-0.244,-0.305,0.244,4.14,3.74,-21.46
2021-02-15 12:49:05,-0.19699999999999998,0.223,2.9810000000000003,-0.183,0.244,0.5489999999999999,4.14,3.74,-21.46
2021-02-15 12:49:05,-0.193,0.218,2.965,0.244,0.42700000000000005,0.42700000000000005,4.14,3.74,-21.46
2021-02-15 12:49:05,-0.21899999999999997,0.209,2.9560000000000004,0.366,0.0,0.0,4.14,3.74,-21.46
2021-02-15 12:49:05,-0.195,0.226,2.95,0.0,0.183,-0.8540000000000001,4.14,3.75,-21.46
2021-02-15 12:49:05,-0.18600000000000003,0.23199999999999998,2.9589999999999996,-0.244,-0.305,-0.5489999999999999,4.14,3.75,-21.46
2021-02-15 12:49:05,-0.191,0.233,2.965,0.0,0.0,0.305,4.15,3.75,-21.46
2021-02-15 12:49:05,-0.177,0.20800000000000002,2.952,0.183,0.42700000000000005,0.366,4.15,3.75,-21.46
2021-02-15 12:49:05,-0.207,0.18600000000000003,2.95,0.305,0.305,0.183,4.15,3.75,-21.46
2021-02-15 12:49:05,-0.207,0.20800000000000002,2.958,0.0,0.305,-0.42700000000000005,4.15,3.75,-21.46
2021-02-15 12:49:05,-0.172,0.243,2.958,-0.183,0.0,-0.8540000000000001,4.14,3.76,-21.46
2021-02-15 12:49:05,-0.17600000000000002,0.242,2.967,0.183,-0.5489999999999999,0.0,4.15,3.75,-21.46
2021-02-15 12:49:05,-0.18899999999999997,0.215,2.9560000000000004,0.0,0.0,0.6709999999999999,4.16,3.74,-21.46
2021-02-15 12:49:05,-0.212,0.18899999999999997,2.951,0.0,0.42700000000000005,0.6709999999999999,4.16,3.75,-21.46
2021-02-15 12:49:05,-0.21100000000000002,0.209,2.958,-0.244,0.183,0.183,4.15,3.75,-21.46
2021-02-15 12:49:05,-0.185,0.245,2.964,-0.305,0.0,-0.42700000000000005,4.15,3.75,-21.46
2021-02-15 12:49:05,-0.18,0.245,2.965,0.0,-0.366,-0.5489999999999999,4.15,3.75,-21.46
2021-02-15 12:49:05,-0.18100000000000002,0.207,2.95,0.305,-0.42700000000000005,0.244,4.16,3.74,-21.46
2021-02-15 12:49:05,-0.20800000000000002,0.174,2.943,0.0,0.0,0.6709999999999999,4.16,3.74,-21.46
2021-02-15 12:49:05,-0.207,0.19399999999999998,2.9610000000000003,-0.42700000000000005,0.366,0.5489999999999999,4.15,3.75,-21.46
2021-02-15 12:49:05,-0.20199999999999999,0.24600000000000002,2.972,-0.366,0.0,0.0,4.14,3.75,-21.46
2021-02-15 12:49:05,-0.19399999999999998,0.261,2.97,0.244,0.0,-0.6709999999999999,4.15,3.75,-21.46
2021-02-15 12:49:05,-0.185,0.218,2.949,0.366,-0.5489999999999999,-0.366,4.16,3.74,-21.46
2021-02-15 12:49:05,-0.20600000000000002,0.18600000000000003,2.9389999999999996,0.0,-0.305,0.366,4.16,3.74,-21.46
2021-02-15 12:49:05,-0.184,0.19399999999999998,2.952,-0.42700000000000005,0.366,0.5489999999999999,4.15,3.74,-21.46
2021-02-15 12:49:05,-0.184,0.19399999999999998,2.952,-0.366,0.183,0.305,4.14,3.74,-21.46
2021-02-15 12:49:05,-0.188,0.231,2.9730000000000003,-0.366,0.183,0.305,4.14,3.74,-21.46
2021-02-15 12:49:05,-0.195,0.242,2.967,0.0,0.0,-0.488,4.14,3.74,-21.46
2021-02-15 12:49:05,-0.177,0.223,2.949,0.5489999999999999,0.0,-0.7929999999999999,4.15,3.74,-21.46
2021-02-15 12:49:05,-0.18100000000000002,0.19,2.9339999999999997,0.183,-0.488,0.0,4.15,3.74,-21.46
2021-02-15 12:49:05,-0.207,0.20199999999999999,2.958,-0.366,0.0,0.488,4.14,3.73,-21.46
2021-02-15 12:49:05,-0.2,0.237,2.985,-0.366,0.5489999999999999,0.5489999999999999,4.14,3.74,-21.46
2021-02-15 12:49:05,-0.191,0.25,2.972,0.0,0.244,0.0,4.14,3.74,-21.46
2021-02-15 12:49:05,-0.19,0.22,2.952,0.305,0.183,-0.6709999999999999,4.15,3.75,-21.46
2021-02-15 12:49:05,-0.185,0.187,2.938,0.0,-0.305,-0.61,4.15,3.74,-21.46
2021-02-15 12:49:05,-0.203,0.188,2.9530000000000003,-0.305,-0.305,0.366,4.15,3.74,-21.46
2021-02-15 12:49:05,-0.207,0.225,2.9789999999999996,-0.366,0.42700000000000005,0.5489999999999999,4.14,3.74,-21.46
2021-02-15 12:49:05,-0.19,0.23800000000000002,2.975,0.0,0.488,0.366,4.14,3.75,-21.46
2021-02-15 12:49:05,-0.218,0.221,2.958,0.366,0.183,0.0,4.15,3.75,-21.46
2021-02-15 12:49:05,-0.192,0.21,2.945,0.183,0.0,-0.7929999999999999,4.15,3.75,-21.46
2021-02-15 12:49:05,-0.191,0.20199999999999999,2.946,-0.183,-0.42700000000000005,-0.5489999999999999,4.15,3.75,-21.46
2021-02-15 12:49:05,-0.19399999999999998,0.223,2.969,-0.244,0.0,0.488,4.14,3.75,-21.46
2021-02-15 12:49:05,-0.17300000000000001,0.22899999999999998,2.9589999999999996,0.0,0.42700000000000005,0.488,4.14,3.75,-21.46
2021-02-15 12:49:05,-0.209,0.209,2.9560000000000004,0.366,0.244,0.0,4.15,3.75,-21.46
2021-02-15 12:49:05,-0.20199999999999999,0.19899999999999998,2.949,0.0,0.244,-0.42700000000000005,4.15,3.76,-21.46
2021-02-15 12:49:05,-0.179,0.223,2.949,-0.305,-0.183,-0.6709999999999999,4.14,3.76,-21.46
2021-02-15 12:49:05,-0.177,0.23199999999999998,2.966,0.0,-0.488,-0.244,4.14,3.75,-21.46
2021-02-15 12:49:05,-0.193,0.225,2.971,0.0,0.0,0.61,4.15,3.75,-21.46
2021-02-15 12:49:06,-0.207,0.20199999999999999,2.958,0.183,0.366,0.61,4.15,3.75,-21.46
2021-02-15 12:49:06,-0.214,0.20600000000000002,2.958,0.0,0.0,0.0,4.15,3.75,-21.46
2021-02-15 12:49:06,-0.18600000000000003,0.22899999999999998,2.9560000000000004,-0.244,0.0,-0.488,4.14,3.76,-21.46
2021-02-15 12:49:06,-0.183,0.24100000000000002,2.965,0.0,-0.42700000000000005,-0.42700000000000005,4.15,3.75,-21.46
2021-02-15 12:49:06,-0.187,0.222,2.966,0.244,-0.366,0.244,4.15,3.74,-21.46
2021-02-15 12:49:06,-0.205,0.184,2.9530000000000003,0.0,0.0,0.6709999999999999,4.16,3.74,-21.46
2021-02-15 12:49:06,-0.214,0.18,2.957,-0.244,0.305,0.5489999999999999,4.15,3.75,-21.46
2021-02-15 12:49:06,-0.204,0.22899999999999998,2.965,-0.42700000000000005,0.183,-0.183,4.14,3.75,-21.46
2021-02-15 12:49:06,-0.185,0.256,2.972,0.0,0.0,-0.61,4.14,3.75,-21.46
2021-02-15 12:49:06,-0.184,0.231,2.958,0.305,-0.5489999999999999,-0.305,4.15,3.75,-21.46
2021-02-15 12:49:06,-0.195,0.198,2.9410000000000003,0.0,0.0,0.305,4.15,3.75,-21.46
2021-02-15 12:49:06,-0.191,0.18,2.9419999999999997,-0.183,0.42700000000000005,0.488,4.15,3.75,-21.46
2021-02-15 12:49:06,-0.204,0.213,2.965,-0.42700000000000005,0.244,0.305,4.14,3.75,-21.46
2021-02-15 12:49:06,-0.193,0.24600000000000002,2.966,0.0,0.0,-0.61,4.14,3.75,-21.46
2021-02-15 12:49:06,-0.182,0.23600000000000002,2.9589999999999996,0.488,-0.183,-0.8540000000000001,4.15,3.75,-21.46
2021-02-15 12:49:06,-0.17800000000000002,0.19899999999999998,2.935,0.366,-0.488,0.0,4.15,3.74,-21.46
2021-02-15 12:49:06,-0.20800000000000002,0.19,2.95,-0.244,0.0,0.42700000000000005,4.15,3.74,-21.46
2021-02-15 12:49:06,-0.204,0.218,2.975,-0.42700000000000005,0.5489999999999999,0.42700000000000005,4.14,3.75,-21.46
2021-02-15 12:49:06,-0.187,0.247,2.9760000000000004,-0.183,0.244,0.0,4.14,3.75,-21.46
2021-02-15 12:49:06,-0.196,0.23600000000000002,2.958,0.366,0.0,-0.732,4.15,3.75,-21.46
2021-02-15 12:49:06,-0.187,0.19399999999999998,2.9389999999999996,0.366,-0.244,-0.732,4.16,3.75,-21.46
2021-02-15 12:49:06,-0.19899999999999998,0.185,2.946,0.0,-0.244,0.305,4.15,3.75,-21.46
2021-02-15 12:49:06,-0.20600000000000002,0.21600000000000003,2.972,-0.42700000000000005,0.366,0.61,4.14,3.75,-21.46
2021-02-15 12:49:06,-0.185,0.244,2.9760000000000004,-0.244,0.42700000000000005,0.488,4.14,3.76,-21.46
2021-02-15 12:49:06,-0.212,0.23,2.963,0.0,0.0,0.0,4.15,3.75,-21.46
2021-02-15 12:49:06,-0.19699999999999998,0.20600000000000002,2.943,0.366,0.0,-0.61,4.15,3.76,-21.46
2021-02-15 12:49:06,-0.188,0.188,2.94,0.0,-0.42700000000000005,-0.42700000000000005,4.15,3.75,-21.46
2021-02-15 12:49:06,-0.204,0.21100000000000002,2.964,-0.305,-0.183,0.5489999999999999,4.14,3.75,-21.46
2021-02-15 12:49:06,-0.172,0.24100000000000002,2.9730000000000003,0.0,0.42700000000000005,0.732,4.14,3.76,-21.46
2021-02-15 12:49:06,-0.198,0.22899999999999998,2.96,0.244,0.0,0.305,4.15,3.75,-21.46
2021-02-15 12:49:06,-0.20600000000000002,0.2,2.949,0.244,0.183,-0.366,4.16,3.75,-21.46
2021-02-15 12:49:06,-0.18,0.20600000000000002,2.94,-0.183,0.0,-0.732,4.15,3.76,-21.46
2021-02-15 12:49:06,-0.175,0.225,2.9530000000000003,-0.183,-0.5489999999999999,-0.305,4.15,3.75,-21.46
2021-02-15 12:49:06,-0.185,0.235,2.97,0.0,0.0,0.488,4.15,3.75,-21.46
2021-02-15 12:49:06,-0.19,0.22,2.965,0.0,0.42700000000000005,0.61,4.15,3.75,-21.46
2021-02-15 12:49:06,-0.214,0.204,2.958,0.183,0.0,0.0,4.16,3.75,-21.46
2021-02-15 12:49:06,-0.18899999999999997,0.209,2.946,-0.183,0.244,-0.6709999999999999,4.15,3.75,-21.46
2021-02-15 12:49:06,-0.183,0.231,2.958,-0.366,-0.366,-0.6709999999999999,4.15,3.75,-21.46
2021-02-15 12:49:06,-0.188,0.23399999999999999,2.9739999999999998,0.0,-0.488,0.0,4.15,3.74,-21.46
2021-02-15 12:49:06,-0.198,0.209,2.9619999999999997,0.0,0.0,0.6709999999999999,4.15,3.74,-21.46
2021-02-15 12:49:06,-0.21,0.192,2.9539999999999997,0.0,0.42700000000000005,0.732,4.15,3.75,-21.46
2021-02-15 12:49:06,-0.21,0.217,2.958,-0.244,0.366,0.0,4.15,3.75,-21.46
2021-02-15 12:49:06,-0.18100000000000002,0.247,2.9610000000000003,-0.305,0.183,-0.7929999999999999,4.14,3.76,-21.46
2021-02-15 12:49:06,-0.17600000000000002,0.233,2.968,0.0,-0.488,-0.42700000000000005,4.15,3.75,-21.46
2021-02-15 12:49:06,-0.18899999999999997,0.205,2.948,0.0,-0.244,0.42700000000000005,4.15,3.74,-21.46
2021-02-15 12:49:06,-0.18600000000000003,0.18,2.935,0.0,0.42700000000000005,0.61,4.15,3.75,-21.46
2021-02-15 12:49:06,-0.212,0.203,2.9619999999999997,-0.244,0.366,0.42700000000000005,4.14,3.75,-21.46
2021-02-15 12:49:06,-0.19399999999999998,0.249,2.966,-0.244,0.366,-0.488,4.14,3.76,-21.46
2021-02-15 12:49:06,-0.175,0.253,2.963,0.183,0.0,-0.977,4.15,3.76,-21.46
2021-02-15 12:49:06,-0.16899999999999998,0.20800000000000002,2.9419999999999997,0.42700000000000005,-0.61,0.0,4.16,3.75,-21.46
2021-02-15 12:49:06,-0.201,0.177,2.938,0.0,0.0,0.5489999999999999,4.16,3.74,-21.46
2021-02-15 12:49:06,-0.213,0.191,2.963,-0.244,0.5489999999999999,0.5489999999999999,4.15,3.75,-21.46
2021-02-15 12:49:06,-0.19699999999999998,0.24600000000000002,2.9760000000000004,-0.305,0.42700000000000005,0.0,4.14,3.76,-21.46
2021-02-15 12:49:06,-0.192,0.254,2.968,0.183,0.183,-0.732,4.15,3.76,-21.46
2021-02-15 12:49:06,-0.18600000000000003,0.217,2.948,0.366,-0.366,-0.7929999999999999,4.16,3.75,-21.46
2021-02-15 12:49:06,-0.198,0.183,2.937,0.0,-0.488,0.244,4.16,3.75,-21.46
2021-02-15 12:49:06,-0.225,0.19399999999999998,2.964,-0.366,0.183,0.7929999999999999,4.15,3.75,-21.46
2021-02-15 12:49:06,-0.198,0.233,2.9789999999999996,-0.366,0.5489999999999999,0.488,4.14,3.76,-21.46
2021-02-15 12:49:06,-0.201,0.247,2.9730000000000003,0.0,0.0,-0.183,4.15,3.76,-21.46
2021-02-15 12:49:06,-0.18899999999999997,0.22399999999999998,2.952,0.488,0.0,-0.6709999999999999,4.15,3.76,-21.46
2021-02-15 12:49:06,-0.185,0.185,2.937,0.0,-0.61,-0.366,4.16,3.76,-21.46
2021-02-15 12:49:06,-0.204,0.18899999999999997,2.9530000000000003,-0.366,-0.366,0.61,4.15,3.75,-21.46
2021-02-15 12:49:06,-0.183,0.23,2.968,-0.366,0.42700000000000005,0.7929999999999999,4.14,3.76,-21.46
2021-02-15 12:49:06,-0.19399999999999998,0.245,2.967,0.0,0.244,0.366,4.14,3.76,-21.46
2021-02-15 12:49:06,-0.20800000000000002,0.217,2.952,0.42700000000000005,0.0,-0.366,4.15,3.76,-21.46
2021-02-15 12:49:06,-0.16899999999999998,0.20199999999999999,2.9360000000000004,0.0,-0.183,-0.6709999999999999,4.15,3.76,-21.46
2021-02-15 12:49:06,-0.174,0.19899999999999998,2.945,-0.305,-0.5489999999999999,0.0,4.15,3.75,-21.46
2021-02-15 12:49:06,-0.185,0.221,2.9730000000000003,-0.366,0.0,0.61,4.14,3.74,-21.46
2021-02-15 12:49:06,-0.188,0.235,2.9730000000000003,0.0,0.42700000000000005,0.61,4.14,3.74,-21.46
2021-02-15 12:49:06,-0.207,0.22,2.957,0.42700000000000005,0.0,0.0,4.15,3.74,-21.46
2021-02-15 12:49:06,-0.193,0.204,2.945,0.0,0.0,-0.732,4.15,3.75,-21.46
2021-02-15 12:49:06,-0.188,0.218,2.9530000000000003,-0.366,-0.305,-0.5489999999999999,4.15,3.74,-21.46
2021-02-15 12:49:06,-0.188,0.22899999999999998,2.9739999999999998,0.0,-0.366,0.0,4.15,3.74,-21.46
2021-02-15 12:49:06,-0.205,0.22,2.9739999999999998,0.0,0.244,0.5489999999999999,4.15,3.74,-21.46
2021-02-15 12:49:06,-0.19899999999999998,0.19899999999999998,2.9560000000000004,0.183,0.488,0.5489999999999999,4.15,3.75,-21.46
2021-02-15 12:49:06,-0.212,0.20600000000000002,2.957,0.0,0.183,-0.183,4.15,3.75,-21.46
2021-02-15 12:49:06,-0.188,0.23,2.9560000000000004,-0.305,0.0,-0.6709999999999999,4.14,3.75,-21.46
2021-02-15 12:49:06,-0.18100000000000002,0.23600000000000002,2.968,-0.183,-0.366,-0.305,4.15,3.75,-21.46
2021-02-15 12:49:06,-0.191,0.225,2.9589999999999996,0.0,-0.183,0.42700000000000005,4.15,3.74,-21.46
2021-02-15 12:49:06,-0.193,0.188,2.943,0.0,0.42700000000000005,0.5489999999999999,4.15,3.75,-21.46
2021-02-15 12:49:06,-0.212,0.183,2.9539999999999997,-0.183,0.366,0.42700000000000005,4.15,3.75,-21.46
2021-02-15 12:49:06,-0.19899999999999998,0.23,2.9610000000000003,-0.366,0.183,-0.305,4.14,3.75,-21.46
2021-02-15 12:49:06,-0.16899999999999998,0.256,2.9619999999999997,0.0,0.0,-0.8540000000000001,4.14,3.76,-21.46
2021-02-15 12:49:06,-0.16899999999999998,0.22899999999999998,2.9539999999999997,0.366,-0.488,0.0,4.15,3.75,-21.46
2021-02-15 12:49:06,-0.192,0.188,2.9410000000000003,0.0,0.0,0.5489999999999999,4.15,3.74,-21.46
2021-02-15 12:49:06,-0.21600000000000003,0.17800000000000002,2.957,0.0,0.5489999999999999,0.366,4.15,3.75,-21.46
2021-02-15 12:49:06,-0.204,0.21899999999999997,2.966,-0.244,0.305,0.0,4.14,3.75,-21.46
2021-02-15 12:49:06,-0.185,0.259,2.966,0.0,0.0,-0.61,4.14,3.76,-21.46
2021-02-15 12:49:06,-0.18100000000000002,0.242,2.955,0.42700000000000005,-0.305,-0.7929999999999999,4.15,3.75,-21.46
2021-02-15 12:49:06,-0.187,0.192,2.9360000000000004,0.305,-0.488,0.0,4.16,3.74,-21.46
2021-02-15 12:49:06,-0.22,0.177,2.958,-0.244,0.183,0.61,4.15,3.74,-21.46
2021-02-15 12:49:06,-0.203,0.21,2.9739999999999998,-0.42700000000000005,0.488,0.244,4.14,3.75,-21.46
2021-02-15 12:49:07,-0.195,0.247,2.975,0.0,0.0,-0.183,4.14,3.75,-21.46
2021-02-15 12:49:07,-0.192,0.245,2.96,0.42700000000000005,0.0,-0.488,4.15,3.75,-21.46
2021-02-15 12:49:07,-0.192,0.2,2.9419999999999997,0.366,-0.488,-0.488,4.16,3.75,-21.46
2021-02-15 12:49:07,-0.209,0.18,2.945,-0.244,-0.305,0.42700000000000005,4.15,3.75,-21.46
2021-02-15 12:49:07,-0.192,0.21,2.966,-0.488,0.305,0.7929999999999999,4.14,3.75,-21.46
2021-02-15 12:49:07,-0.18600000000000003,0.23800000000000002,2.971,-0.244,0.183,0.305,4.14,3.75,-21.46
2021-02-15 12:49:07,-0.20199999999999999,0.231,2.9610000000000003,0.244,0.0,-0.305,4.15,3.75,-21.46
2021-02-15 12:49:07,-0.184,0.21100000000000002,2.938,0.305,-0.183,-0.42700000000000005,4.15,3.75,-21.46
2021-02-15 12:49:07,-0.17600000000000002,0.19899999999999998,2.9360000000000004,0.0,-0.42700000000000005,-0.183,4.15,3.75,-21.46
2021-02-15 12:49:07,-0.201,0.21600000000000003,2.9610000000000003,-0.5489999999999999,0.0,0.42700000000000005,4.15,3.74,-21.46
2021-02-15 12:49:07,-0.185,0.237,2.9789999999999996,-0.305,0.488,0.5489999999999999,4.14,3.75,-21.46
2021-02-15 12:49:07,-0.198,0.225,2.967,0.183,0.0,0.0,4.15,3.75,-21.46
2021-02-15 12:49:07,-0.20199999999999999,0.196,2.949,0.366,0.0,-0.61,4.15,3.75,-21.46
2021-02-15 12:49:07,-0.187,0.205,2.951,0.0,-0.244,-0.61,4.15,3.75,-21.46
2021-02-15 12:49:07,-0.18600000000000003,0.23199999999999998,2.9589999999999996,0.0,-0.305,0.0,4.15,3.74,-21.46
2021-02-15 12:49:07,-0.19699999999999998,0.237,2.9810000000000003,0.0,0.183,0.305,4.15,3.74,-21.46
2021-02-15 12:49:07,-0.191,0.21899999999999997,2.9619999999999997,0.0,0.366,0.5489999999999999,4.15,3.75,-21.46
2021-02-15 12:49:07,-0.213,0.2,2.95,0.0,0.0,0.0,4.16,3.75,-21.46
2021-02-15 12:49:07,-0.19699999999999998,0.207,2.949,0.0,0.0,-0.732,4.15,3.75,-21.46
2021-02-15 12:49:07,-0.196,0.222,2.963,-0.244,-0.305,-0.42700000000000005,4.15,3.75,-21.46
2021-02-15 12:49:07,-0.19699999999999998,0.239,2.971,0.0,-0.183,0.42700000000000005,4.15,3.75,-21.46
2021-02-15 12:49:07,-0.188,0.214,2.9610000000000003,0.183,0.305,0.42700000000000005,4.16,3.75,-21.46
2021-02-15 12:49:07,-0.201,0.191,2.9530000000000003,0.0,0.244,0.366,4.16,3.75,-21.46
2021-02-15 12:49:07,-0.203,0.21,2.958,-0.244,0.0,0.0,4.15,3.75,-21.46
2021-02-15 12:49:07,-0.172,0.244,2.9560000000000004,-0.244,0.0,-0.61,4.15,3.75,-21.46
2021-02-15 12:49:07,-0.182,0.235,2.963,0.0,-0.42700000000000005,-0.305,4.15,3.74,-21.46
2021-02-15 12:49:07,-0.187,0.20800000000000002,2.95,0.183,0.0,0.61,4.16,3.74,-21.46
2021-02-15 12:49:07,-0.204,0.185,2.945,0.0,0.366,0.366,4.16,3.74,-21.46
2021-02-15 12:49:07,-0.209,0.205,2.958,-0.244,0.244,0.0,4.15,3.75,-21.46
2021-02-15 12:49:07,-0.184,0.24,2.9619999999999997,-0.305,0.0,-0.366,4.14,3.75,-21.46
2021-02-15 12:49:07,-0.17600000000000002,0.247,2.97,0.0,0.0,-0.6709999999999999,4.15,3.75,-21.46
2021-02-15 12:49:07,-0.16699999999999998,0.21100000000000002,2.949,0.42700000000000005,-0.305,-0.183,4.16,3.74,-21.46
2021-02-15 12:49:07,-0.207,0.183,2.945,0.0,0.0,0.488,4.16,3.74,-21.46
2021-02-15 12:49:07,-0.207,0.198,2.9619999999999997,-0.366,0.488,0.366,4.15,3.74,-21.46
2021-02-15 12:49:07,-0.196,0.24100000000000002,2.971,-0.366,0.183,0.0,4.14,3.75,-21.46
2021-02-15 12:49:07,-0.198,0.247,2.968,0.0,0.0,-0.488,4.15,3.75,-21.46
2021-02-15 12:49:07,-0.192,0.20800000000000002,2.951,0.366,-0.244,-0.6709999999999999,4.15,3.75,-21.46
2021-02-15 12:49:07,-0.20600000000000002,0.18,2.9410000000000003,0.183,-0.305,0.0,4.16,3.74,-21.46
2021-02-15 12:49:07,-0.204,0.196,2.9610000000000003,-0.305,0.244,0.61,4.15,3.75,-21.46
2021-02-15 12:49:07,-0.182,0.239,2.975,-0.42700000000000005,0.366,0.488,4.14,3.75,-21.46
2021-02-15 12:49:07,-0.198,0.252,2.972,0.0,0.0,-0.183,4.14,3.75,-21.46
2021-02-15 12:49:07,-0.188,0.226,2.945,0.42700000000000005,0.0,-0.42700000000000005,4.15,3.75,-21.46
2021-02-15 12:49:07,-0.187,0.185,2.93,0.0,-0.42700000000000005,-0.183,4.16,3.75,-21.46
2021-02-15 12:49:07,-0.20800000000000002,0.191,2.9560000000000004,-0.488,0.0,0.305,4.15,3.75,-21.46
2021-02-15 12:49:07,-0.18600000000000003,0.22899999999999998,2.9739999999999998,-0.42700000000000005,0.42700000000000005,0.488,4.14,3.75,-21.46
2021-02-15 12:49:07,-0.188,0.247,2.968,0.0,0.183,0.366,4.14,3.75,-21.46
2021-02-15 12:49:07,-0.2,0.217,2.9539999999999997,0.42700000000000005,0.0,-0.488,4.15,3.75,-21.46
2021-02-15 12:49:07,-0.18100000000000002,0.198,2.943,0.0,0.0,-0.61,4.15,3.75,-21.46
2021-02-15 12:49:07,-0.174,0.205,2.945,0.0,-0.366,0.0,4.15,3.75,-21.46
2021-02-15 12:49:07,-0.20199999999999999,0.228,2.9730000000000003,-0.366,0.0,0.305,4.14,3.74,-21.46
2021-02-15 12:49:07,-0.188,0.23399999999999999,2.971,0.0,0.366,0.488,4.15,3.75,-21.46
2021-02-15 12:49:07,-0.212,0.21899999999999997,2.957,0.244,0.0,0.0,4.15,3.75,-21.46
2021-02-15 12:49:07,-0.198,0.204,2.946,0.0,0.0,-0.6709999999999999,4.15,3.75,-21.46
2021-02-15 12:49:07,-0.196,0.21,2.9539999999999997,-0.305,-0.305,-0.61,4.15,3.75,-21.46
2021-02-15 12:49:07,-0.195,0.231,2.977,-0.183,-0.305,0.183,4.14,3.74,-21.46
