Drive_End,Fan_End,Label
-0.3329920159680639,-0.10683636363636363,0.54mm_IF
0.09461846307385227,0.2880472727272727,0.54mm_IF
0.19573433133732526,-0.0940981818181818,0.54mm_IF
-0.4966454091816367,-0.5023363636363636,0.54mm_IF
-0.4649705588822355,0.0990290909090909,0.54mm_IF
0.4548183632734531,0.0678,0.54mm_IF
0.4763410179640719,-0.2391490909090909,0.54mm_IF
-0.3772555888223553,0.037803636363636366,0.54mm_IF
-0.2765458083832335,0.13683272727272727,0.54mm_IF
0.516137624750499,0.29441636363636364,0.54mm_IF
0.3179667664670659,-0.0678,0.54mm_IF
-0.4016208582834331,-0.21737090909090906,0.54mm_IF
-0.10639500998003992,-0.028763636363636363,0.54mm_IF
0.5177619760479042,-0.036570909090909084,0.54mm_IF
0.13888203592814372,-0.15676181818181814,0.54mm_IF
-0.4267983033932136,0.12450545454545454,0.54mm_IF
-0.06984710578842315,0.09800181818181818,0.54mm_IF
0.4795897205588822,-0.03883090909090909,0.54mm_IF
-0.06334970059880239,0.28065090909090906,0.54mm_IF
-0.20345,0.17381454545454544,0.54mm_IF
0.5616194610778443,0.20648181818181816,0.54mm_IF
0.7366433133732535,0.16662363636363633,0.54mm_IF
-0.3679155688622753,0.31927636363636364,0.54mm_IF
-1.3210036926147704,0.2070981818181818,0.54mm_IF
-0.064161876247505,-0.1637472727272727,0.54mm_IF
1.3908507984031937,-0.4035127272727273,0.54mm_IF
-0.2229422155688623,-0.11505454545454545,0.54mm_IF
-2.3382536926147703,0.35399818181818177,0.54mm_IF
-0.16852644710578846,-0.020545454545454544,0.54mm_IF
1.845263073852296,-0.034105454545454536,0.54mm_IF
-0.5218228542914172,-0.011505454545454544,0.54mm_IF
-2.702108383233533,-0.0904,0.54mm_IF
1.0891275449101796,-0.3507109090909091,0.54mm_IF
3.7879872255489024,-0.15142,0.54mm_IF
-0.6741057884231537,0.19538727272727272,0.54mm_IF
-2.9900246506986026,0.5070618181818182,0.54mm_IF
0.7447650698602795,0.423030909090909,0.54mm_IF
3.4151986027944115,-0.5995163636363636,0.54mm_IF
-0.1275115768463074,-0.2202472727272728,0.54mm_IF
-2.367898103792415,0.24449090909090904,0.54mm_IF
0.5482185628742515,0.2652418181818182,0.54mm_IF
2.2562239520958083,0.2194254545454545,0.54mm_IF
0.2440587824351297,-0.22086363636363635,0.54mm_IF
-1.4805962075848305,-0.011094545454545454,0.54mm_IF
-0.3784738522954091,-0.12080727272727272,0.54mm_IF
0.6420248502994012,-0.7681945454545454,0.54mm_IF
0.3561390219560878,0.2147,0.54mm_IF
-0.544969860279441,0.9268054545454544,0.54mm_IF
-1.0176560878243512,-0.2210690909090909,0.54mm_IF
-0.4073060878243513,0.4423436363636363,0.54mm_IF
0.7078110778443114,0.7907945454545454,0.54mm_IF
0.2168508982035928,-0.05958181818181817,0.54mm_IF
-1.3514602794411177,0.06451272727272726,0.54mm_IF
-0.8101452095808384,0.34701272727272725,0.54mm_IF
0.91085499001996,0.4392618181818181,0.54mm_IF
0.5794873253493014,-0.4612454545454545,0.54mm_IF
-0.9697377245508982,-0.7094345454545453,0.54mm_IF
-0.05279141716566866,-0.2905127272727273,0.54mm_IF
1.5325754491017964,-0.32420727272727273,0.54mm_IF
0.376849500998004,-0.2989363636363636,0.54mm_IF
-1.0590770459081835,-0.1017,0.54mm_IF
0.0950245508982036,0.28681454545454543,0.54mm_IF
1.5610015968063873,-0.08156545454545455,0.54mm_IF
0.2899467065868264,-0.5752727272727273,0.54mm_IF
-0.8771497005988024,0.30140181818181816,0.54mm_IF
0.1409124750499002,0.7470327272727273,0.54mm_IF
0.6428370259481039,-0.3172218181818182,0.54mm_IF
-0.24202834331337325,0.007807272727272727,0.54mm_IF
-0.3683216566866268,0.9056436363636364,0.54mm_IF
0.5157315369261477,0.08629090909090907,0.54mm_IF
0.08406017964071857,-0.4049509090909091,0.54mm_IF
-0.6944101796407185,0.6251981818181818,0.54mm_IF
-0.011370459081836329,0.66896,0.54mm_IF
0.4349200598802395,-0.10909636363636364,0.54mm_IF
-0.3187789421157685,-0.18737454545454546,0.54mm_IF
-0.4434479041916167,0.052390909090909085,0.54mm_IF
0.35695119760479044,0.4526163636363636,0.54mm_IF
0.01868003992015968,-0.4881599999999999,0.54mm_IF
-0.9482150698602796,-0.3537927272727273,0.54mm_IF
-0.31553023952095804,0.5962290909090908,0.54mm_IF
0.7638511976047904,-0.1306690909090909,0.54mm_IF
0.11776546906187625,-0.4470690909090909,0.54mm_IF
-0.7236485029940121,0.043350909090909086,0.54mm_IF
0.1076132734530938,0.2722272727272727,0.54mm_IF
0.8138000000000001,-0.3905690909090909,0.54mm_IF
-0.10070978043912177,-0.3757763636363636,0.54mm_IF
-0.4921784431137725,0.12902545454545453,0.54mm_IF
0.467000998003992,-0.2759254545454545,0.54mm_IF
0.6871005988023953,-0.3862545454545455,0.54mm_IF
-0.20588652694610776,0.17566363636363633,0.54mm_IF
-0.4552244510978044,0.4072109090909091,0.54mm_IF
0.346799001996008,-0.061841818181818185,0.54mm_IF
0.4990819361277445,-0.04294,0.54mm_IF
-0.14944031936127744,0.4563145454545455,0.54mm_IF
-0.16690209580838322,0.49268,0.54mm_IF
0.1912673652694611,-0.08012727272727273,0.54mm_IF
-0.10720718562874253,-0.08937272727272727,0.54mm_IF
-0.4056817365269461,0.3687909090909091,0.54mm_IF
0.044263572854291416,-0.04191272727272728,0.54mm_IF
0.2533988023952096,-0.13087454545454547,0.54mm_IF
-0.2440587824351297,0.17093818181818182,0.54mm_IF
-0.3269006986027944,0.4768600000000001,0.54mm_IF
0.3074084830339321,0.10005636363636364,0.54mm_IF
0.2347187624750499,-0.08896181818181817,0.54mm_IF
-0.6111621756487026,0.28599272727272723,0.54mm_IF
-0.4337017964071856,-0.14320181818181818,0.54mm_IF
0.6493344311377245,-0.2605163636363637,0.54mm_IF
0.4625340319361277,-0.2664745454545454,0.54mm_IF
-0.7504502994011977,0.06718363636363636,0.54mm_IF
-0.4649705588822355,-0.06225272727272727,0.54mm_IF
0.7524807385229542,-0.34578000000000003,0.54mm_IF
0.38497125748503,0.03862545454545455,0.54mm_IF
-0.674511876247505,-0.1510090909090909,0.54mm_IF
-0.2704544910179641,0.07992181818181819,0.54mm_IF
0.6326848303393213,0.059992727272727274,0.54mm_IF
0.28751017964071857,0.06225272727272727,0.54mm_IF
-0.2229422155688623,0.26894,0.54mm_IF
0.4101487025948104,-0.2424363636363636,0.54mm_IF
0.44750878243512976,-0.015819999999999997,0.54mm_IF
-0.4012147704590819,0.14710545454545454,0.54mm_IF
-0.1904551896207585,-0.25435272727272723,0.54mm_IF
0.6371517964071857,-0.14176363636363634,0.54mm_IF
0.2972562874251497,0.08341454545454545,0.54mm_IF
-0.6692327345309381,0.4061836363636364,0.54mm_IF
-0.13360289421157684,0.3938563636363636,0.54mm_IF
0.6732936127744511,0.2510654545454545,0.54mm_IF
-0.08284191616766468,0.19641454545454545,0.54mm_IF
-0.9425298403193612,0.37536545454545456,0.54mm_IF
-0.3065963073852296,0.5777381818181818,0.54mm_IF
0.5839542914171657,-0.2255890909090909,0.54mm_IF
0.008933932135728542,-0.2333963636363636,0.54mm_IF
-0.5331933133732535,0.17525272727272728,0.54mm_IF
-0.024771357285429143,0.07725090909090909,0.54mm_IF
0.3666973053892216,-0.29359454545454544,0.54mm_IF
0.07959321357285429,-0.4285781818181818,0.54mm_IF
-0.06456796407185628,-0.007190909090909091,0.54mm_IF
0.28751017964071857,0.008423636363636364,0.54mm_IF
0.16243512974051896,-0.08567454545454545,0.54mm_IF
-0.06578622754491018,-0.3120854545454545,0.54mm_IF
0.3260885229540918,-0.09450909090909093,0.54mm_IF
0.4527879241516966,0.19641454545454545,0.54mm_IF
-0.17177514970059882,0.00020545454545454542,0.54mm_IF
-0.4556305389221557,-0.15183090909090907,0.54mm_IF
0.12913592814371255,0.1532690909090909,0.54mm_IF
0.339895508982036,0.3036618181818181,0.54mm_IF
-0.263550998003992,-0.15491272727272726,0.54mm_IF
-0.4897419161676647,0.020545454545454544,0.54mm_IF
0.12791766467065868,0.27798,0.54mm_IF
0.4430418163672655,0.029996363636363637,0.54mm_IF
-0.0950245508982036,0.2231236363636364,0.54mm_IF
-0.4515696606786427,0.17422545454545454,0.54mm_IF
-0.06903493013972056,0.06492363636363636,0.54mm_IF
0.3151241516966068,0.3815290909090909,0.54mm_IF
0.06903493013972056,0.029585454545454543,0.54mm_IF
-0.22131786427145708,-0.035749090909090904,0.54mm_IF
-0.005685229540918164,0.32708363636363635,0.54mm_IF
0.2525866267465069,0.23812181818181816,0.54mm_IF
0.12223243512974052,-0.12697090909090908,0.54mm_IF
-0.05197924151696607,-0.2342181818181818,0.54mm_IF
0.07309580838323354,-0.18799090909090907,0.54mm_IF
0.013806986027944113,-0.10786363636363636,0.54mm_IF
-0.2574596806387225,-0.11217818181818184,0.54mm_IF
-0.14578552894211574,-0.4811745454545455,0.54mm_IF
0.11126806387225548,-0.09615272727272728,0.54mm_IF
-0.0458879241516966,0.10950727272727273,0.54mm_IF
-0.3370528942115769,-0.21737090909090906,0.54mm_IF
-0.15268902195608786,0.12532727272727273,0.54mm_IF
0.17177514970059882,0.2843490909090909,0.54mm_IF
-0.2306578842315369,0.1337509090909091,0.54mm_IF
-0.4564427145708583,0.3016072727272727,0.54mm_IF
0.5055793413173654,0.021572727272727268,0.54mm_IF
0.8328861277445109,-0.16477454545454545,0.54mm_IF
-0.2984745508982036,0.15819999999999998,0.54mm_IF
-0.5437515968063873,0.10806909090909088,0.54mm_IF
0.8629366267465072,0.012121818181818182,0.54mm_IF
1.0286204590818364,0.14279090909090908,0.54mm_IF
-0.3240580838323353,-0.05937636363636362,0.54mm_IF
-0.33827115768463073,-0.05670545454545455,0.54mm_IF
0.7995869261477045,0.3443418181818182,0.54mm_IF
1.1642537924151697,0.1306690909090909,0.54mm_IF
-0.5612133732534931,-0.113,0.54mm_IF
-1.903333632734531,0.2296981818181818,0.54mm_IF
-0.1096437125748503,0.3416709090909091,0.54mm_IF
1.3543028942115771,-0.5208272727272727,0.54mm_IF
-0.1539072854291417,-0.14813272727272728,0.54mm_IF
-2.0925705588822354,0.3332472727272727,0.54mm_IF
-0.8267948103792415,-0.1884018181818181,0.54mm_IF
1.5143014970059878,0.2736654545454545,0.54mm_IF
0.4125852295409182,-0.02034,0.54mm_IF
-1.4631344311377246,-0.2603109090909091,0.54mm_IF
-0.6083195608782435,0.20565999999999998,0.54mm_IF
1.2393800399201595,-0.0565,0.54mm_IF
0.947808982035928,-0.1799781818181818,0.54mm_IF
-0.594106487025948,0.452,0.54mm_IF
-0.20304391217564868,-0.06862181818181817,0.54mm_IF
0.9384689620758484,-0.4639163636363636,0.54mm_IF
0.7748155688622754,0.23606727272727274,0.54mm_IF
0.14944031936127744,0.03842,0.54mm_IF
0.05807055888223552,0.020545454545454544,0.54mm_IF
0.3390833333333333,-0.14977636363636362,0.54mm_IF
0.39755998003992016,0.08238727272727273,0.54mm_IF
0.11248632734530938,0.13107999999999995,0.54mm_IF
-0.27289101796407184,-0.17854,0.54mm_IF
-0.29238323353293416,0.2835272727272727,0.54mm_IF
0.027613972055888225,0.06697818181818181,0.54mm_IF
-0.043045309381237525,0.24305272727272725,0.54mm_IF
-0.6180656686626746,0.3650927272727272,0.54mm_IF
-0.6310604790419161,0.13354545454545455,0.54mm_IF
0.17583602794411174,0.2455181818181818,0.54mm_IF
0.1819273453093813,0.27798,0.54mm_IF
-0.7057806387225549,0.17545818181818182,0.54mm_IF
-0.6245630738522955,0.0986181818181818,0.54mm_IF
0.4381687624750499,0.026709090909090908,0.54mm_IF
0.4828384231536926,-0.42508545454545454,0.54mm_IF
-0.3918747504990021,0.003698181818181818,0.54mm_IF
-0.3244641716566866,-0.021778181818181808,0.54mm_IF
0.44466616766467065,-0.3881036363636363,0.54mm_IF
0.41583393213572856,-0.14464000000000002,0.54mm_IF
-0.2562414171656686,-0.2582563636363636,0.54mm_IF
-0.2022317365269461,-0.1454618181818182,0.54mm_IF
0.3476111776447106,-0.37064,0.54mm_IF
0.37928602794411176,-0.1962090909090909,0.54mm_IF
0.042233133732534935,0.08793454545454545,0.54mm_IF
-0.09055758483033932,0.1193690909090909,0.54mm_IF
0.05197924151696607,-0.054856363636363634,0.54mm_IF
0.11329850299401198,-0.028147272727272733,0.54mm_IF
0.16487165668662673,0.481790909090909,0.54mm_IF
0.13197854291417166,-0.004725454545454546,0.54mm_IF
-0.17949081836327346,0.13498363636363636,0.54mm_IF
-0.20345,0.6393745454545455,0.54mm_IF
0.17949081836327346,0.3878981818181818,0.54mm_IF
0.2586779441117765,0.0470490909090909,0.54mm_IF
-0.1701507984031936,0.14916,0.54mm_IF
-0.32324590818363275,0.2849654545454545,0.54mm_IF
0.013806986027944113,-0.09779636363636364,0.54mm_IF
0.010558283433133732,0.08814,0.54mm_IF
-0.3041597804391217,-0.10375454545454543,0.54mm_IF
-0.1413185628742515,-0.2833218181818182,0.54mm_IF
0.2395918163672655,0.08115454545454545,0.54mm_IF
0.07065928143712576,-0.1994963636363636,0.54mm_IF
-0.26030229540918165,-0.1994963636363636,0.54mm_IF
-0.02152265469061876,0.08300363636363636,0.54mm_IF
0.3329920159680639,-0.04376181818181818,0.54mm_IF
0.08690279441117765,-0.22826,0.54mm_IF
-0.2700484031936128,0.06101999999999999,0.54mm_IF
0.03532964071856288,0.10601454545454543,0.54mm_IF
0.4422296407185629,-0.24120363636363634,0.54mm_IF
0.11086197604790418,0.07149818181818181,0.54mm_IF
-0.2704544910179641,0.18573090909090906,0.54mm_IF
-0.01421307385229541,-0.18429272727272727,0.54mm_IF
0.2802005988023952,0.06410181818181818,0.54mm_IF
0.11532894211576848,0.2340127272727273,0.54mm_IF
-0.2168508982035928,-0.11957454545454545,0.54mm_IF
-0.14740988023952095,0.29647090909090906,0.54mm_IF
0.21400828343313366,0.27859636363636364,0.54mm_IF
0.2582718562874251,-0.1577890909090909,0.54mm_IF
-0.007309580838323355,0.40022545454545455,0.54mm_IF
-0.07837495009980039,0.2379163636363636,0.54mm_IF
0.10477065868263473,0.03143454545454545,0.54mm_IF
0.13076027944111776,0.4187163636363636,0.54mm_IF
0.0064974051896207604,-0.07129272727272727,0.54mm_IF
0.0077156686626746514,-0.17176,0.54mm_IF
0.15431337325349306,0.2744872727272727,0.54mm_IF
0.1539072854291417,-0.09224909090909092,0.54mm_IF
-0.07715668662674653,-0.2023727272727273,0.54mm_IF
-0.06781666666666666,0.053007272727272715,0.54mm_IF
0.17705429141716567,-0.17196545454545456,0.54mm_IF
0.09746107784431138,-0.16991090909090908,0.54mm_IF
-0.23025179640718565,-0.009245454545454545,0.54mm_IF
-0.19532824351297406,-0.06759454545454545,0.54mm_IF
0.012182634730538922,0.12224545454545452,0.54mm_IF
-0.06619231536926147,0.21449454545454544,0.54mm_IF
-0.19735868263473053,-0.013765454545454546,0.54mm_IF
-0.11614111776447104,0.14936545454545455,0.54mm_IF
0.12304461077844313,0.14073636363636366,0.54mm_IF
0.08406017964071857,-0.008218181818181819,0.54mm_IF
-0.1246689620758483,0.23051999999999997,0.54mm_IF
0.010964371257485029,0.09800181818181818,0.54mm_IF
0.18395778443113767,-0.03102363636363636,0.54mm_IF
0.056446207584830335,-0.11649272727272725,0.54mm_IF
-0.03614181636726547,-0.05054181818181818,0.54mm_IF
0.11086197604790418,0.05691090909090909,0.54mm_IF
0.1413185628742515,-0.049309090909090914,0.54mm_IF
0.024365269461077844,0.16641818181818185,0.54mm_IF
0.029238323353293405,0.04211818181818182,0.54mm_IF
0.12954201596806386,0.1212181818181818,0.54mm_IF
-0.012182634730538922,0.11854727272727272,0.54mm_IF
-0.271672754491018,-0.10560363636363636,0.54mm_IF
-0.08121756487025948,0.12738181818181818,0.54mm_IF
0.21319610778443115,-0.08834545454545455,0.54mm_IF
0.060100998003992025,-0.09800181818181818,0.54mm_IF
-0.2205056886227545,0.06081454545454545,0.54mm_IF
-0.10517674650698602,-0.1744309090909091,0.54mm_IF
0.10639500998003992,-0.1189581818181818,0.54mm_IF
-0.02639570858283433,0.030818181818181814,0.54mm_IF
-0.2395918163672655,-0.16477454545454545,0.54mm_IF
-0.139288123752495,-0.008423636363636364,0.54mm_IF
0.1563438123752495,0.1631309090909091,0.54mm_IF
0.16568383233532935,-0.08855090909090907,0.54mm_IF
-0.021116566866267464,0.1744309090909091,0.54mm_IF
-0.042233133732534935,0.10991818181818183,0.54mm_IF
0.11492285429141715,-0.08115454545454545,0.54mm_IF
0.14619161676646708,0.04807636363636364,0.54mm_IF
0.008527844311377245,-0.04561090909090909,0.54mm_IF
-0.08568453093812375,0.062458181818181815,0.54mm_IF
-0.05360359281437126,0.03020181818181818,0.54mm_IF
0.04994880239520958,0.003287272727272727,0.54mm_IF
-0.021116566866267464,0.11238363636363637,0.54mm_IF
-0.09380628742514972,0.20833090909090907,0.54mm_IF
-0.0032487025948103802,0.19415454545454544,0.54mm_IF
0.03329920159680639,0.1569672727272727,0.54mm_IF
-0.08081147704590819,0.22127454545454545,0.54mm_IF
-0.04466966067864271,0.0749909090909091,0.54mm_IF
0.08406017964071857,0.07581272727272728,0.54mm_IF
0.08933932135728542,-0.09368727272727273,0.54mm_IF
0.07065928143712576,-0.2640090909090909,0.54mm_IF
0.11248632734530938,-0.13087454545454547,0.54mm_IF
0.2838553892215569,-0.11998545454545452,0.54mm_IF
0.13076027944111776,-0.043556363636363636,0.54mm_IF
-0.1697447105788423,-0.040885454545454544,0.54mm_IF
-0.14537944111776446,-0.08690727272727272,0.54mm_IF
0.23106397205588824,-0.18511454545454545,0.54mm_IF
0.2002012974051896,0.08855090909090907,0.54mm_IF
-0.4519757485029939,0.07519636363636363,0.54mm_IF
-0.5214167664670659,-0.019518181818181816,0.54mm_IF
0.004060878243512974,0.2592836363636364,0.54mm_IF
0.2696423153692615,0.049309090909090914,0.54mm_IF
-0.3512659680638723,0.12512181818181814,0.54mm_IF
-0.5417211576846307,0.08649636363636364,0.54mm_IF
0.5299446107784431,0.20319454545454546,0.54mm_IF
0.8016173652694609,0.2442854545454545,0.54mm_IF
-0.12385678642714572,0.21408363636363634,0.54mm_IF
-0.357763373253493,0.2578454545454545,0.54mm_IF
0.8336983033932136,0.062458181818181815,0.54mm_IF
1.0371483033932136,-0.01931272727272728,0.54mm_IF
-0.5250715568862275,0.12799818181818182,0.54mm_IF
-0.7991808383233533,0.2736654545454545,0.54mm_IF
0.4690314371257485,-0.3172218181818182,0.54mm_IF
0.76060249500998,-0.1306690909090909,0.54mm_IF
-0.4414174650698601,-0.08731818181818181,0.54mm_IF
-0.8434444111776448,-0.1351890909090909,0.54mm_IF
0.20588652694610776,0.02218909090909091,0.54mm_IF
0.4438539920159681,-0.2062763636363636,0.54mm_IF
-0.5981673652694611,0.2027836363636364,0.54mm_IF
-0.8994845309381237,0.3484509090909091,0.54mm_IF
0.21319610778443115,-0.1803890909090909,0.54mm_IF
0.6842579840319362,-0.20997454545454544,0.54mm_IF
-0.3374589820359281,0.5857509090909091,0.54mm_IF
-0.6720753493013971,0.21285090909090906,0.54mm_IF
0.483244510978044,-0.2946218181818181,0.54mm_IF
0.9644585828343312,0.11115090909090908,0.54mm_IF
-0.0028426147704590818,0.11176727272727273,0.54mm_IF
-0.573396007984032,0.07786727272727273,0.54mm_IF
0.37278862275449104,-0.17093818181818182,0.54mm_IF
0.8962358283433134,-0.2968818181818181,0.54mm_IF
-0.08446626746506987,0.13498363636363636,0.54mm_IF
-0.591263872255489,0.29606,0.54mm_IF
0.1872064870259481,-0.36612,0.54mm_IF
0.7151206586826347,-0.5789709090909091,0.54mm_IF
0.16690209580838322,0.3815290909090909,0.54mm_IF
-0.4231435129740519,0.4335090909090909,0.54mm_IF
-0.4166461077844311,-0.0016436363636363634,0.54mm_IF
-0.15918642714570858,-0.3523545454545454,0.54mm_IF
0.01705568862275449,0.1555290909090909,0.54mm_IF
0.10355239520958084,0.6671109090909091,0.54mm_IF
-0.06131926147704591,-0.06821090909090909,0.54mm_IF
-0.3285250499001996,0.13457272727272726,0.54mm_IF
-0.0779688622754491,0.3718727272727272,0.54mm_IF
0.3378650698602794,0.4088545454545455,0.54mm_IF
0.13847594810379246,-0.09800181818181818,0.54mm_IF
-0.3817225548902196,-0.5600690909090908,0.54mm_IF
-0.2290335329341317,-0.09635818181818184,0.54mm_IF
0.27776407185628743,0.26442,0.54mm_IF
0.08487235528942115,-0.12080727272727272,0.54mm_IF
-0.4174582834331337,-0.4883654545454545,0.54mm_IF
-0.2521805389221557,0.16025454545454546,0.54mm_IF
0.346799001996008,0.03472181818181818,0.54mm_IF
0.24202834331337325,-0.32996,0.54mm_IF
-0.2830432135728543,-0.07478545454545454,0.54mm_IF
-0.17746037924151695,0.28599272727272723,0.54mm_IF
0.2696423153692615,0.1871690909090909,0.54mm_IF
0.3423320359281437,-0.13087454545454547,0.54mm_IF
0.13441506986027946,-0.3127018181818181,0.54mm_IF
0.1721812375249501,-0.1337509090909091,0.54mm_IF
0.20954131736526946,0.3839945454545454,0.54mm_IF
-0.05238532934131737,0.1799781818181818,0.54mm_IF
-0.18152125748502995,0.02013454545454545,0.54mm_IF
0.14578552894211574,0.20812545454545453,0.54mm_IF
0.26476926147704594,0.2931836363636364,0.54mm_IF
-0.2050743512974052,0.11752,0.54mm_IF
-0.3110632734530938,0.18141636363636365,0.54mm_IF
0.30212934131736524,0.13128545454545454,0.54mm_IF
0.3642607784431138,0.06718363636363636,0.54mm_IF
-0.621314371257485,0.3782418181818181,0.54mm_IF
-0.7228363273453093,-0.10190545454545454,0.54mm_IF
0.4097426147704591,-0.3922127272727272,0.54mm_IF
0.6460857285429141,-0.09348181818181817,0.54mm_IF
-0.5677107784431138,0.015819999999999997,0.54mm_IF
-0.6184717564870259,0.2231236363636364,0.54mm_IF
0.5360359281437126,0.05136363636363636,0.54mm_IF
0.248525748502994,-0.3396163636363637,0.54mm_IF
-1.011564770459082,0.10293272727272727,0.54mm_IF
-0.5023306387225549,-0.2120290909090909,0.54mm_IF
1.8627248502994007,-0.46103999999999995,0.54mm_IF
1.0765388223552894,0.021367272727272728,0.54mm_IF
-1.850136127744511,0.4402890909090909,0.54mm_IF
-0.6862884231536925,0.4511781818181818,0.54mm_IF
2.3350049900199603,-0.2070981818181818,0.54mm_IF
0.8296374251497006,-0.09081090909090908,0.54mm_IF
-2.179879441117764,-0.07355272727272727,0.54mm_IF
-0.6586744510978044,0.5025418181818182,0.54mm_IF
2.038966966067864,0.16806181818181815,0.54mm_IF
0.9047636726546906,-0.057116363636363625,0.54mm_IF
-1.5439459081836326,0.20155090909090906,0.54mm_IF
-0.8373530938123752,-0.3665309090909091,0.54mm_IF
0.9851690618762476,-0.20586545454545446,0.54mm_IF
0.7236485029940121,-0.4608345454545454,0.54mm_IF
-0.5425333333333333,0.3488618181818182,0.54mm_IF
-0.7074049900199599,0.4809690909090909,0.54mm_IF
-0.09543063872255488,-0.03883090909090909,0.54mm_IF
0.464158383233533,0.3022236363636364,0.54mm_IF
0.4783714570858283,0.339,0.54mm_IF
-0.5214167664670659,0.1166981818181818,0.54mm_IF
-0.8942053892215568,-0.06533454545454545,0.54mm_IF
0.0779688622754491,0.4185109090909089,0.54mm_IF
0.7199937125748502,0.04232363636363636,0.54mm_IF
-0.2749214570858283,-0.3646818181818181,0.54mm_IF
-0.7338006986027944,-0.39796545454545457,0.54mm_IF
0.5380663672654691,-0.33283636363636365,0.54mm_IF
0.8824288423153692,-0.1247109090909091,0.54mm_IF
-0.33827115768463073,-0.1216290909090909,0.54mm_IF
-0.6655779441117765,0.26277636363636364,0.54mm_IF
0.8280130738522955,-0.018285454545454542,0.54mm_IF
1.0127830339321358,-0.14916,0.54mm_IF
-0.5011123752495009,-0.07848363636363635,0.54mm_IF
-0.4986758483033932,0.4392618181818181,0.54mm_IF
0.569335129740519,0.25702363636363634,0.54mm_IF
0.3581694610778443,-0.5286345454545454,0.54mm_IF
-0.6574561876247506,0.5072672727272727,0.54mm_IF
-0.271672754491018,0.4433709090909089,0.54mm_IF
0.6550196606786427,-0.2457236363636364,0.54mm_IF
0.07837495009980039,0.07766181818181818,0.54mm_IF
-0.6440552894211576,0.6282800000000001,0.54mm_IF
-0.12832375249501,0.27777454545454544,0.54mm_IF
0.3037536926147705,-0.1884018181818181,0.54mm_IF
-0.10152195608782434,-0.0470490909090909,0.54mm_IF
-0.2196935129740519,0.04437818181818182,0.54mm_IF
0.04466966067864271,0.14505090909090906,0.54mm_IF
-0.17583602794411174,-0.5643836363636363,0.54mm_IF
-0.3459868263473054,-0.15943272727272728,0.54mm_IF
0.2481196606786427,0.5011036363636364,0.54mm_IF
0.4946149700598802,-0.14772181818181818,0.54mm_IF
-0.30091107784431137,-0.3922127272727272,0.54mm_IF
-0.5486246506986028,0.3784472727272727,0.54mm_IF
0.38456516966067866,0.2177818181818182,0.54mm_IF
0.5835482035928145,-0.4717236363636363,0.54mm_IF
-0.339895508982036,-0.007396363636363636,0.54mm_IF
-0.28872844311377244,-0.032667272727272725,0.54mm_IF
0.5985734530938124,-0.2771581818181818,0.54mm_IF
0.3736007984031936,-0.1171090909090909,0.54mm_IF
-0.4414174650698601,0.12758727272727272,0.54mm_IF
-0.2781701596806387,0.05465090909090909,0.54mm_IF
0.43085918163672654,0.053007272727272715,0.54mm_IF
0.2529927145708583,0.15635090909090907,0.54mm_IF
-0.29197714570858285,0.3053054545454545,0.54mm_IF
0.14294291417165667,0.5773272727272727,0.54mm_IF
0.6716692614770459,-0.07108727272727272,0.54mm_IF
-0.10436457085828342,0.1374490909090909,0.54mm_IF
-1.0395848303393214,0.4768600000000001,0.54mm_IF
-0.2379674650698603,-0.2512709090909091,0.54mm_IF
0.8783679640718562,-0.25086,0.54mm_IF
0.1916734530938124,0.03903636363636363,0.54mm_IF
-1.0489248502994013,0.03862545454545455,0.54mm_IF
-0.5445637724550898,0.09779636363636364,0.54mm_IF
0.8040538922155689,0.09533090909090908,0.54mm_IF
0.346799001996008,-0.23668363636363635,0.54mm_IF
-1.2994810379241517,-0.12594363636363634,0.54mm_IF
-0.6359335329341318,-0.17196545454545456,0.54mm_IF
1.6170417165668662,-0.20915272727272727,0.54mm_IF
0.8600940119760478,0.2712,0.54mm_IF
-1.5313571856287431,0.10396,0.54mm_IF
-0.7610085828343313,0.08012727272727273,0.54mm_IF
1.710848003992016,0.057527272727272726,0.54mm_IF
0.980296007984032,-0.3166054545454545,0.54mm_IF
-1.182527744510978,-0.13929818181818182,0.54mm_IF
-0.30212934131736524,0.3874872727272727,0.54mm_IF
1.5285145708582837,0.3363290909090909,0.54mm_IF
0.6846640718562874,-0.1257381818181818,0.54mm_IF
-0.8239521956087824,-0.10067272727272727,0.54mm_IF
-0.0629436127744511,-0.09944,0.54mm_IF
0.7845616766467066,-0.15594,0.54mm_IF
0.09867934131736526,-0.1826490909090909,0.54mm_IF
-0.3541085828343313,0.20216727272727272,0.54mm_IF
-0.08121756487025948,0.4665872727272727,0.54mm_IF
-0.12142025948103792,0.2613381818181818,0.54mm_IF
-0.32771287425149703,0.3127018181818181,0.54mm_IF
-0.07512624750499003,0.23935454545454546,0.54mm_IF
-0.0934001996007984,0.1865527272727273,0.54mm_IF
-0.7435468063872256,0.021572727272727268,0.54mm_IF
-0.5234472055888223,0.4844618181818182,0.54mm_IF
0.4304530938123752,0.2097690909090909,0.54mm_IF
0.21238393213572854,-0.5972563636363636,0.54mm_IF
-0.5689290419161677,-0.12183454545454545,0.54mm_IF
-0.18395778443113767,0.023010909090909092,0.54mm_IF
0.6359335329341318,-0.3981709090909091,0.54mm_IF
0.2322822355289421,-0.29154,0.54mm_IF
-0.32283982035928144,0.03102363636363636,0.54mm_IF
0.3415198602794411,0.01766909090909091,0.54mm_IF
0.8803984031936128,-0.1766909090909091,0.54mm_IF
0.2501500998003992,-0.4624781818181818,0.54mm_IF
-0.2371552894211577,0.20792,0.54mm_IF
0.1855821357285429,0.6044472727272727,0.54mm_IF
